": 15822 15768 15514 15333 15277 15045 14927 14919 14513 14355 
#: 70 
$: 16660 
': 16099 
(: 16658 16558 16296 16283 16274 15965 15542 15480 15296 14997 14913 14620 14424 14344 14169 14122 153 99 
*: 14308 14304 14092 14083 14082 14073 111 82 73 
+: 14061 14010 14003 
-: 16200 15941 15818 15642 15599 15524 15403 13216 13153 13141 13139 13137 13116 13108 13083 13079 13068 13067 13054 13045 13027 10161 10132 10091 10080 10071 10057 10007 10000 9984 9979 9968 9965 9956 9941 9928 9914 9909 9885 9882 9877 9871 9864 9844 9841 9808 9794 9787 9770 9214 9167 9124 9105 9091 9020 9012 6855 6804 6797 6789 6783 6766 6755 6749 6747 6680 6344 5575 5336 5335 5334 5320 5319 5315 5306 5300 5288 5220 5211 4989 4978 4953 4923 4869 4834 4832 4823 4815 4812 4795 4774 4770 4769 4765 4711 4688 4683 4647 4644 4635 4631 4620 4614 4605 4096 4094 4009 3995 3990 3987 3979 3976 3960 3930 3927 3915 3913 3904 2825 2589 2532 1982 1890 1882 1877 1658 1626 1377 659 647 295 
1: 16551 16198 16123 16092 16078 15934 15893 15830 15812 15723 15722 15659 15606 15381 15380 15378 15354 15353 15232 15216 15188 15154 15116 15114 15088 15087 15085 15065 15063 14983 14884 14874 14782 14613 14611 14574 14512 14511 14391 14380 14055 14048 14035 14028 13905 11270 3713 173 
2: 16391 16302 15410 14012 154 68 67 
3: 16444 16433 15720 15546 3709 
4: 16596 16526 16435 15513 14091 14089 
5: 16853 16688 16559 16463 
6: 16494 15471 
8: 16557 16549 14019 172 
9: 16532 15952 15635 
[: 155 69 
_: 13914 13805 13581 13576 12819 10851 7904 7849 7832 6198 5821 4332 4202 4175 2796 2744 2735 2583 2546 2496 2478 2443 2394 2220 2172 2041 2000 1733 1345 1329 1130 1120 607 239 
a: 16997 16987 16978 16965 16948 16941 16926 16919 16917 16914 16907 16898 16891 16885 16874 16856 16843 16834 16832 16831 16829 16828 16812 16797 16792 16790 16782 16773 16772 16752 16744 16712 16707 16702 16699 16696 16687 16683 16661 16649 16645 16633 16619 16611 16605 16598 16592 16583 16580 16577 16572 16563 16548 16538 16536 16531 16525 16515 16503 16501 16475 16460 16457 16451 16446 16441 16436 16434 16427 16423 16421 16416 16410 16404 16402 16396 16385 16375 16368 16365 16357 16352 16347 16334 16304 16297 16295 16291 16287 16284 16279 16263 16258 16252 16249 16240 16235 16233 16232 16231 16228 16219 16213 16212 16205 16202 16191 16187 16179 16165 16163 16160 16153 16145 16128 16121 16105 16067 16062 16055 16044 16023 16017 15990 15973 15966 15960 15945 15915 15907 15903 15902 15895 15871 15865 15858 15856 15849 15845 15844 15835 15797 15789 15782 15770 15757 15739 15727 15715 15702 15700 15687 15682 15669 15665 15651 15646 15630 15622 15618 15615 15611 15607 15603 15591 15590 15589 15586 15584 15581 15574 15568 15554 15535 15531 15527 15522 15515 15509 15507 15505 15498 15496 15481 15463 15451 15434 15429 15406 15393 15385 15369 15361 15358 15349 15340 15339 15335 15323 15319 15316 15312 15310 15301 15299 15279 15273 15268 15262 15252 15242 15237 15222 15218 15201 15184 15181 15175 15172 15148 15137 15126 15119 15118 15117 15107 15090 15080 15075 15050 15047 15040 15038 15034 15028 15021 15018 15000 14985 14981 14963 14953 14951 14948 14947 14946 14932 14930 14921 14909 14906 14903 14895 14889 14879 14868 14865 14850 14834 14828 14816 14809 14807 14793 14791 14769 14758 14745 14738 14721 14704 14699 14698 14696 14678 14668 14666 14654 14644 14637 14625 14618 14603 14598 14597 14578 14577 14571 14549 14548 14546 14537 14531 14528 14526 14516 14506 14493 14489 14480 14476 14471 14469 14465 14461 14448 14444 14439 14434 14432 14430 14425 14421 14415 14414 14413 14411 14396 14385 14377 14371 14362 14358 14350 14348 14345 14289 14285 14283 14281 14275 14268 14265 14245 14224 14221 14216 14204 14201 14182 14173 14159 14130 14120 14114 14110 14096 14095 14094 14072 14059 14057 14043 13994 13986 13960 13910 13908 13907 13879 13864 13841 13821 13815 13813 13804 13786 13771 13760 13747 13742 13729 13722 13720 13715 13699 13698 13689 13666 13660 13648 13617 13606 13603 13601 13596 13594 13586 13565 13549 13546 13545 13538 13519 13501 13498 13495 13481 13477 13476 13464 13462 13431 13430 13412 13407 13400 13393 13384 13382 13373 13371 13362 13358 13355 13353 13352 13351 13339 13326 13307 13295 13285 13283 13282 13271 13253 13250 13246 13230 13229 13226 13209 13198 13190 13186 13175 13169 13161 13155 13154 13152 13136 13134 13123 13099 13096 13084 13071 13070 13066 13059 13049 13039 13028 13021 13020 12991 12982 12977 12976 12972 12961 12944 12938 12904 12902 12896 12868 12855 12848 12847 12843 12831 12806 12797 12777 12760 12752 12747 12725 12716 12692 12688 12687 12680 12672 12661 12653 12652 12641 12640 12637 12630 12628 12625 12624 12618 12612 12607 12597 12589 12575 12574 12554 12549 12523 12491 12477 12458 12455 12452 12451 12446 12442 12435 12429 12405 12403 12393 12390 12387 12384 12383 12375 12370 12361 12330 12322 12316 12302 12297 12293 12292 12289 12288 12282 12258 12257 12254 12228 12226 12224 12222 12205 12201 12194 12167 12148 12145 12142 12136 12121 12114 12098 12087 12071 12070 12059 12040 12019 11987 11985 11982 11937 11928 11902 11900 11897 11895 11891 11879 11877 11873 11867 11843 11838 11836 11798 11778 11756 11753 11723 11722 11711 11704 11687 11678 11671 11663 11654 11651 11638 11631 11625 11624 11623 11615 11598 11592 11584 11577 11575 11571 11570 11558 11557 11555 11525 11507 11484 11480 11477 11473 11462 11459 11431 11414 11412 11409 11400 11393 11391 11373 11362 11359 11357 11345 11337 11331 11323 11321 11314 11312 11293 11290 11287 11283 11259 11233 11231 11228 11219 11208 11206 11201 11195 11164 11159 11152 11146 11143 11131 11119 11117 11113 11071 11059 11057 11046 11033 11028 10992 10990 10973 10972 10970 10957 10952 10943 10933 10930 10916 10900 10893 10888 10876 10870 10848 10837 10832 10831 10828 10818 10816 10810 10801 10765 10753 10726 10721 10713 10698 10686 10677 10670 10664 10662 10633 10631 10626 10590 10585 10567 10553 10522 10510 10507 10506 10504 10496 10488 10465 10449 10443 10437 10412 10410 10404 10395 10391 10384 10381 10370 10352 10347 10340 10338 10326 10322 10319 10314 10282 10279 10261 10252 10238 10230 10222 10204 10198 10181 10180 10171 10156 10107 10089 10087 10061 10055 10044 10043 10040 9975 9944 9861 9860 9843 9825 9790 9776 9771 9767 9761 9718 9716 9705 9684 9666 9653 9651 9633 9624 9622 9617 9614 9611 9609 9608 9607 9601 9594 9592 9589 9566 9564 9559 9551 9549 9544 9528 9526 9516 9512 9495 9494 9459 9446 9426 9412 9406 9389 9378 9369 9338 9335 9331 9325 9322 9321 9296 9291 9268 9247 9246 9239 9236 9234 9226 9220 9218 9217 9212 9204 9199 9188 9186 9182 9171 9151 9143 9140 9137 9131 9068 9032 9016 9006 8996 8987 8941 8913 8902 8901 8891 8873 8868 8867 8861 8846 8829 8815 8814 8813 8812 8811 8806 8792 8787 8785 8766 8759 8755 8752 8738 8725 8722 8704 8692 8688 8674 8663 8652 8647 8620 8619 8615 8563 8557 8556 8546 8536 8516 8512 8475 8466 8460 8454 8445 8434 8418 8415 8412 8410 8404 8400 8386 8364 8356 8351 8344 8318 8292 8283 8233 8228 8226 8221 8217 8184 8177 8171 8157 8142 8131 8121 8114 8091 8048 8028 8025 8012 7978 7971 7956 7947 7942 7935 7902 7901 7898 7890 7889 7877 7873 7866 7858 7857 7840 7825 7813 7802 7797 7792 7790 7781 7760 7751 7745 7733 7726 7710 7687 7686 7669 7663 7653 7643 7636 7631 7621 7601 7589 7580 7559 7555 7550 7539 7515 7514 7504 7477 7474 7464 7461 7433 7426 7422 7401 7385 7369 7365 7363 7360 7359 7351 7348 7342 7336 7332 7329 7323 7320 7314 7295 7283 7279 7275 7272 7259 7246 7242 7201 7162 7158 7125 7120 7116 7112 7091 7084 7075 7070 7069 7050 7045 7038 7025 7020 7007 6996 6980 6975 6971 6966 6964 6954 6950 6949 6945 6941 6934 6930 6923 6881 6878 6872 6871 6866 6864 6859 6840 6825 6813 6808 6788 6765 6703 6701 6698 6684 6670 6654 6625 6622 6616 6607 6603 6598 6597 6592 6590 6588 6581 6577 6563 6545 6539 6531 6527 6525 6509 6506 6489 6477 6468 6427 6411 6397 6354 6336 6335 6329 6324 6317 6312 6305 6298 6297 6295 6290 6263 6258 6250 6242 6233 6208 6168 6158 6142 6141 6132 6127 6092 6088 6085 6083 6073 6048 6044 6038 6032 6016 6015 6004 6000 5999 5989 5983 5973 5970 5941 5936 5933 5931 5926 5910 5907 5906 5895 5879 5877 5873 5849 5845 5834 5830 5811 5805 5796 5772 5749 5742 5735 5713 5709 5697 5689 5678 5656 5653 5648 5613 5610 5600 5598 5593 5592 5590 5580 5564 5561 5557 5544 5539 5523 5504 5503 5496 5495 5485 5480 5478 5436 5433 5426 5423 5375 5374 5352 5342 5327 5324 5313 5312 5308 5304 5299 5294 5290 5272 5260 5257 5251 5245 5233 5223 5221 5219 5218 5203 5199 5190 5184 5182 5175 5171 5167 5156 5154 5137 5129 5124 5111 5085 5079 5074 5071 5060 5057 5056 5050 5043 5030 5029 5025 5022 5002 4973 4972 4970 4966 4963 4935 4917 4903 4892 4890 4889 4884 4877 4871 4862 4830 4827 4809 4801 4792 4791 4788 4785 4775 4768 4757 4719 4717 4714 4712 4710 4707 4701 4680 4672 4666 4649 4634 4583 4560 4558 4548 4543 4534 4518 4512 4511 4508 4504 4502 4501 4475 4470 4458 4457 4456 4455 4453 4444 4439 4438 4434 4419 4416 4375 4372 4350 4339 4330 4329 4328 4312 4309 4307 4285 4260 4256 4254 4236 4231 4204 4198 4140 4128 4124 4121 4112 4095 4084 4081 4071 4063 4025 4023 4020 4007 4003 3997 3984 3972 3956 3955 3953 3948 3942 3939 3911 3901 3885 3862 3857 3851 3850 3848 3843 3822 3821 3812 3801 3795 3774 3763 3755 3749 3746 3743 3741 3712 3706 3703 3699 3694 3693 3690 3666 3653 3624 3614 3608 3604 3596 3592 3561 3560 3539 3526 3515 3507 3492 3485 3480 3477 3461 3452 3442 3437 3431 3388 3384 3376 3369 3350 3341 3324 3319 3314 3311 3292 3287 3268 3254 3253 3250 3247 3237 3233 3210 3193 3174 3165 3150 3144 3132 3124 3087 3073 3061 3059 3054 3042 3006 2997 2993 2980 2978 2973 2947 2906 2904 2891 2888 2880 2873 2859 2835 2823 2815 2806 2790 2773 2769 2762 2747 2739 2732 2726 2722 2691 2686 2683 2678 2657 2651 2648 2646 2632 2600 2590 2586 2578 2542 2537 2515 2506 2501 2491 2482 2462 2461 2452 2448 2442 2413 2402 2391 2354 2353 2345 2339 2319 2313 2294 2285 2279 2268 2246 2235 2224 2204 2202 2146 2141 2125 2111 2106 2075 2072 2064 2054 2047 2017 2010 2009 1986 1978 1955 1951 1936 1934 1931 1919 1914 1905 1893 1883 1863 1855 1846 1830 1796 1780 1772 1769 1760 1757 1745 1740 1721 1712 1710 1704 1694 1693 1681 1654 1643 1624 1588 1584 1573 1555 1552 1546 1532 1513 1505 1502 1498 1495 1478 1465 1446 1441 1432 1422 1414 1408 1394 1390 1373 1367 1366 1362 1352 1332 1331 1312 1299 1293 1290 1285 1269 1250 1237 1236 1235 1221 1219 1211 1202 1181 1175 1172 1168 1146 1114 1085 1080 1058 1042 1039 1035 997 991 971 955 947 938 931 920 916 885 853 851 848 843 835 834 828 820 813 807 801 798 790 780 778 773 757 753 716 713 712 689 687 683 662 653 651 645 641 627 598 574 572 570 561 545 540 532 528 511 500 453 448 434 430 416 358 343 331 329 307 289 283 271 269 264 258 255 238 232 212 205 198 180 174 160 146 137 132 107 97 91 87 63 59 54 36 26 24 21 20 19 11 
b: 16881 16793 16646 16638 16588 16570 16544 16533 16511 16480 16339 16324 16177 16167 16111 15971 15910 15885 15881 15809 15807 15771 15764 15721 15695 15543 15534 15493 15468 15448 15243 15150 15129 15122 15112 15016 14845 14835 14759 14725 14692 14612 14575 14541 14540 14539 14534 14522 14484 14483 14482 14433 14392 14338 14317 14279 14227 14144 14132 14131 14112 14107 14102 14087 14068 13970 13958 13794 13772 13726 13597 13530 13503 13394 13290 13262 13256 13170 13166 13105 13055 13001 12930 12815 12576 12563 12487 12294 12287 11958 11822 11771 11737 11730 11602 11526 11485 11467 11415 11225 11191 11160 11104 11070 10926 10919 10770 10609 10534 10503 10318 10244 10179 10090 10052 9881 9777 9729 9664 9569 9258 9248 9017 8949 8886 8854 8697 8670 8570 8567 8455 8390 8353 8328 7855 7692 7675 7378 7291 7220 7176 7131 7087 6957 6802 6584 6544 6458 6361 6323 6303 6252 6156 6126 6054 5985 5978 5815 5601 5574 5530 5508 5489 5431 5113 5068 5055 4861 4841 4835 4824 4690 4589 4586 4368 4323 4316 3775 3773 3737 3660 3406 3383 3331 3297 3103 2595 2549 2529 2528 2473 2470 2439 2250 2239 2166 2048 2003 1901 1881 1800 1730 1718 1700 1687 1650 1608 1568 1538 1450 1296 1278 1247 1187 1169 1151 1128 1052 1000 913 883 860 857 494 487 482 109 108 89 84 7 
c: 16939 16927 16918 16909 16880 16872 16845 16844 16840 16825 16818 16799 16795 16756 16751 16742 16733 16731 16703 16694 16684 16682 16677 16675 16637 16622 16612 16590 16584 16569 16567 16561 16555 16495 16465 16429 16399 16389 16381 16369 16336 16329 16300 16271 16251 16221 16140 16131 16060 16040 16019 15958 15918 15887 15864 15806 15802 15801 15798 15783 15778 15767 15749 15745 15735 15730 15712 15664 15644 15620 15594 15575 15494 15432 15424 15389 15384 15375 15366 15357 15324 15317 15311 15302 15266 15244 15235 15191 15174 15145 15124 15110 15103 15056 15031 15017 15015 15011 14999 14959 14950 14936 14907 14869 14862 14860 14842 14837 14826 14821 14813 14810 14806 14802 14797 14784 14779 14752 14750 14732 14707 14689 14684 14677 14643 14630 14627 14626 14583 14564 14554 14466 14449 14442 14360 14302 14269 14251 14247 14244 14231 14215 14203 14185 14172 14171 14162 14146 14080 14066 14008 14002 13993 13989 13975 13932 13928 13898 13896 13882 13828 13809 13774 13769 13744 13681 13677 13651 13630 13624 13621 13584 13575 13571 13560 13536 13518 13511 13504 13491 13489 13480 13475 13467 13459 13383 13380 13341 13331 13327 13281 13260 13227 13222 13199 13171 13158 13128 13127 13112 13051 13048 13044 13038 13031 13006 12981 12975 12942 12935 12906 12900 12881 12866 12853 12845 12844 12840 12816 12795 12774 12768 12755 12744 12742 12717 12714 12698 12696 12694 12654 12650 12616 12614 12604 12587 12583 12578 12572 12567 12538 12537 12529 12525 12524 12512 12501 12492 12475 12415 12412 12402 12369 12368 12360 12356 12355 12337 12327 12319 12318 12303 12291 12273 12266 12264 12238 12235 12203 12202 12193 12187 12180 12154 12146 12144 12138 12137 12091 12078 12055 12015 12007 11989 11983 11967 11962 11948 11939 11938 11898 11882 11874 11869 11866 11835 11818 11809 11805 11784 11761 11754 11751 11748 11746 11743 11720 11719 11708 11672 11669 11664 11650 11627 11622 11619 11599 11546 11527 11479 11458 11452 11448 11442 11428 11407 11365 11360 11344 11342 11324 11322 11299 11263 11243 11230 11221 11215 11189 11178 11175 11170 11154 11145 11144 11126 11093 11082 11077 11072 11068 11051 11022 11020 11004 10981 10979 10976 10961 10946 10914 10911 10909 10899 10896 10889 10866 10862 10813 10788 10774 10764 10763 10714 10701 10694 10693 10689 10679 10651 10637 10636 10635 10627 10624 10616 10588 10557 10555 10538 10526 10516 10498 10469 10441 10411 10389 10387 10382 10361 10344 10334 10308 10285 10243 10232 10228 10218 10214 10202 10201 10197 10196 10189 10187 10183 10172 10160 10135 10126 10081 10070 10063 10056 10054 10047 10033 10014 9999 9955 9942 9940 9934 9925 9910 9908 9873 9870 9863 9859 9846 9838 9835 9821 9807 9793 9786 9783 9774 9765 9742 9735 9732 9671 9667 9660 9652 9641 9638 9636 9623 9615 9583 9576 9562 9523 9521 9506 9503 9496 9489 9488 9486 9475 9463 9452 9448 9436 9431 9427 9417 9403 9388 9381 9366 9365 9357 9329 9326 9281 9280 9272 9270 9235 9231 9203 9181 9176 9132 9130 9128 9111 9104 9096 9093 9083 9065 9056 9047 9009 8994 8986 8983 8974 8969 8963 8910 8907 8889 8855 8853 8828 8817 8809 8779 8776 8769 8756 8717 8714 8711 8685 8682 8678 8672 8668 8638 8634 8626 8621 8585 8576 8545 8532 8524 8500 8485 8456 8441 8424 8419 8406 8381 8376 8370 8365 8342 8333 8309 8260 8248 8247 8218 8214 8209 8208 8192 8174 8143 8135 8110 8093 8080 8037 8023 8009 8007 8002 7985 7960 7907 7900 7899 7878 7824 7818 7814 7806 7789 7740 7722 7652 7620 7607 7594 7588 7553 7544 7532 7522 7449 7447 7427 7416 7398 7389 7384 7382 7380 7379 7358 7355 7339 7310 7282 7277 7263 7254 7247 7243 7233 7227 7218 7202 7164 7119 7106 7088 7056 7047 7042 7029 6983 6919 6917 6885 6884 6847 6824 6782 6773 6760 6757 6715 6677 6673 6665 6661 6630 6626 6623 6621 6609 6575 6572 6553 6548 6537 6503 6438 6421 6409 6372 6357 6328 6315 6288 6287 6259 6205 6199 6188 6180 6138 6133 6099 6086 6082 6062 6025 6024 6013 6002 5994 5987 5944 5937 5922 5909 5908 5902 5896 5882 5872 5867 5852 5832 5795 5794 5789 5765 5755 5750 5740 5730 5715 5711 5680 5649 5645 5641 5634 5623 5616 5572 5562 5549 5526 5517 5499 5487 5442 5422 5415 5407 5393 5348 5331 5287 5278 5267 5240 5231 5200 5181 5168 5162 5158 5139 5130 5119 5118 5107 5105 5091 5069 5067 5032 5009 4992 4910 4901 4891 4880 4843 4836 4831 4825 4806 4803 4799 4764 4746 4737 4729 4720 4704 4695 4694 4650 4641 4638 4621 4617 4604 4603 4599 4590 4572 4544 4523 4520 4509 4460 4427 4401 4382 4344 4324 4273 4225 4219 4196 4195 4179 4172 4167 4162 4161 4149 4135 4105 4098 4086 4080 4073 4040 4039 4022 4012 4008 3996 3946 3929 3924 3917 3912 3874 3871 3840 3816 3803 3799 3787 3764 3704 3702 3652 3643 3627 3612 3599 3598 3587 3584 3571 3570 3565 3559 3550 3547 3545 3541 3525 3512 3465 3462 3456 3450 3420 3417 3402 3375 3370 3367 3366 3346 3337 3335 3330 3315 3273 3256 3245 3236 3223 3213 3209 3203 3191 3180 3164 3163 3152 3135 3116 3107 3104 3085 3057 3037 3015 3014 2995 2994 2981 2977 2975 2964 2948 2942 2930 2919 2892 2881 2877 2834 2820 2816 2802 2800 2793 2777 2774 2764 2763 2748 2746 2725 2723 2721 2693 2687 2653 2641 2624 2621 2611 2605 2597 2550 2541 2524 2507 2502 2500 2492 2490 2468 2465 2463 2428 2423 2421 2410 2372 2369 2357 2349 2333 2322 2312 2301 2271 2260 2244 2243 2222 2174 2134 2126 2091 2087 2077 2027 2021 2014 1984 1960 1941 1926 1922 1886 1826 1804 1754 1729 1719 1678 1655 1653 1632 1620 1616 1583 1551 1542 1512 1509 1506 1497 1494 1487 1467 1457 1451 1442 1391 1386 1357 1308 1286 1260 1256 1251 1230 1223 1191 1180 1167 1140 1112 1100 1062 1025 990 972 961 958 954 935 932 890 836 825 823 809 786 761 745 738 734 705 654 650 639 633 625 617 615 603 601 583 539 501 489 481 461 458 442 439 411 407 400 395 387 372 370 360 348 342 338 337 325 319 317 297 282 247 237 184 179 161 156 150 138 129 80 57 32 23 5 
d: 16972 16933 16921 16892 16848 16846 16830 16826 16803 16789 16787 16777 16775 16753 16738 16736 16722 16719 16685 16657 16640 16632 16620 16609 16599 16593 16586 16566 16528 16505 16428 16348 16317 16298 16289 16275 16269 16259 16241 16173 16146 16143 16129 16126 16066 16063 16011 15953 15946 15944 15933 15922 15916 15904 15863 15857 15848 15827 15817 15815 15804 15793 15792 15790 15779 15750 15742 15734 15679 15668 15654 15636 15629 15623 15585 15573 15552 15547 15516 15475 15472 15453 15416 15396 15368 15364 15355 15265 15238 15209 15194 15192 15189 15159 15155 15108 15019 14996 14992 14938 14933 14843 14840 14838 14836 14798 14690 14687 14685 14675 14661 14648 14584 14555 14478 14447 14428 14341 14334 14319 14292 14287 14271 14242 14205 14174 14151 14133 14117 14071 13991 13978 13968 13933 13925 13921 13916 13909 13906 13902 13897 13875 13859 13856 13851 13823 13818 13812 13810 13807 13796 13790 13782 13781 13779 13773 13752 13743 13732 13719 13712 13711 13707 13703 13695 13687 13684 13678 13673 13637 13625 13620 13619 13613 13598 13570 13564 13557 13543 13531 13522 13490 13474 13460 13458 13454 13452 13448 13446 13441 13439 13438 13432 13426 13421 13416 13402 13396 13390 13381 13379 13376 13374 13369 13346 13306 13302 13300 13288 13268 13243 13241 13239 13232 13228 13206 13195 13192 13167 13144 13142 13138 13125 13087 13058 13033 13029 13012 12984 12980 12964 12958 12939 12934 12923 12909 12888 12882 12874 12865 12859 12839 12824 12820 12818 12807 12799 12792 12791 12786 12780 12771 12745 12738 12736 12730 12724 12705 12682 12679 12677 12675 12664 12648 12631 12626 12622 12601 12600 12592 12564 12558 12556 12552 12551 12542 12541 12531 12521 12515 12509 12507 12453 12447 12439 12436 12430 12427 12420 12409 12398 12379 12377 12347 12344 12342 12329 12321 12312 12295 12270 12242 12237 12230 12217 12209 12206 12172 12150 12126 12109 12108 12106 12105 12086 12079 12073 12062 12051 12017 12005 12000 11996 11988 11977 11975 11969 11964 11956 11950 11943 11941 11935 11933 11930 11924 11917 11907 11896 11886 11884 11855 11854 11850 11841 11803 11799 11788 11776 11770 11764 11747 11740 11729 11681 11680 11674 11667 11656 11645 11640 11626 11603 11601 11600 11593 11590 11587 11580 11563 11547 11528 11522 11513 11506 11498 11495 11494 11482 11449 11440 11437 11433 11420 11416 11406 11399 11387 11384 11380 11375 11370 11356 11320 11295 11285 11278 11275 11245 11240 11235 11234 11226 11204 11185 11165 11158 11156 11155 11141 11139 11137 11121 11120 11107 11103 11099 11096 11086 11084 11076 11063 11050 11047 11041 11038 11031 11010 11002 10997 10993 10966 10964 10959 10954 10948 10939 10935 10924 10922 10917 10910 10895 10884 10871 10865 10861 10850 10842 10838 10830 10802 10796 10794 10787 10783 10779 10776 10769 10762 10755 10754 10738 10731 10720 10710 10707 10705 10700 10692 10680 10654 10647 10643 10640 10623 10612 10603 10591 10587 10584 10581 10577 10575 10565 10561 10550 10548 10541 10536 10532 10529 10523 10509 10486 10482 10479 10462 10459 10456 10447 10440 10439 10434 10430 10425 10423 10400 10396 10390 10376 10359 10355 10353 10345 10341 10337 10327 10323 10309 10304 10301 10299 10298 10297 10294 10281 10280 10268 10264 10246 10241 10234 10216 10213 10211 10209 10200 10191 10188 10174 10168 10164 10151 10147 10142 10130 10122 10120 10118 10117 10111 10098 10097 10096 10095 10093 10085 10084 10075 10050 10046 10017 10016 10012 10010 10003 9987 9981 9971 9969 9963 9952 9938 9933 9930 9920 9919 9907 9897 9891 9886 9855 9850 9839 9833 9830 9818 9779 9769 9725 9723 9703 9697 9689 9678 9676 9672 9656 9642 9637 9629 9612 9602 9597 9588 9577 9568 9552 9545 9540 9536 9533 9527 9511 9507 9501 9500 9497 9492 9473 9457 9456 9453 9451 9444 9434 9428 9420 9410 9407 9401 9392 9391 9362 9358 9345 9318 9315 9304 9301 9295 9294 9292 9286 9284 9277 9242 9211 9206 9201 9197 9184 9180 9174 9165 9162 9153 9118 9117 9094 9087 9079 9077 9075 9074 9070 9063 9051 9050 9045 9038 9027 9018 9010 9004 9002 8993 8975 8956 8955 8952 8948 8917 8906 8903 8900 8895 8888 8877 8865 8862 8848 8847 8843 8841 8832 8822 8818 8807 8804 8799 8794 8783 8782 8780 8775 8772 8763 8761 8757 8754 8748 8739 8735 8727 8710 8690 8686 8684 8671 8661 8658 8653 8648 8630 8627 8623 8610 8603 8592 8566 8559 8555 8552 8548 8538 8535 8515 8510 8507 8501 8499 8497 8496 8490 8487 8481 8462 8461 8457 8439 8428 8421 8408 8398 8371 8349 8338 8326 8324 8303 8295 8285 8284 8276 8273 8272 8265 8243 8196 8193 8187 8185 8176 8175 8168 8167 8166 8139 8133 8132 8129 8119 8116 8090 8082 8081 8078 8063 8050 8049 8043 8042 8040 8039 8035 8034 8031 8017 8014 8006 8005 7994 7993 7992 7979 7976 7973 7953 7938 7933 7930 7929 7916 7903 7888 7876 7862 7859 7854 7852 7842 7834 7823 7810 7809 7807 7804 7803 7795 7785 7784 7779 7768 7761 7750 7743 7741 7731 7716 7715 7711 7705 7682 7664 7656 7628 7618 7616 7598 7591 7584 7574 7570 7546 7540 7524 7513 7509 7496 7479 7473 7463 7456 7453 7428 7417 7412 7404 7383 7377 7371 7356 7354 7344 7327 7317 7311 7307 7304 7268 7265 7262 7261 7258 7241 7240 7235 7222 7213 7198 7150 7145 7142 7122 7103 7093 7081 7078 7077 7073 7066 7063 7058 7057 7051 7037 7017 7010 6991 6972 6962 6959 6955 6951 6948 6946 6943 6940 6939 6912 6905 6902 6896 6893 6874 6868 6856 6845 6836 6830 6801 6791 6763 6761 6691 6681 6672 6669 6662 6655 6650 6649 6639 6627 6601 6586 6583 6560 6549 6543 6541 6528 6519 6507 6485 6454 6453 6436 6435 6425 6389 6385 6300 6296 6292 6286 6280 6275 6260 6254 6251 6247 6245 6238 6224 6222 6218 6216 6212 6201 6174 6149 6148 6135 6114 6110 6095 6078 6076 6074 6069 6064 6061 6059 6056 6041 6009 5998 5990 5980 5975 5966 5956 5948 5946 5943 5905 5891 5889 5883 5871 5869 5853 5844 5840 5822 5819 5809 5798 5791 5782 5774 5769 5751 5741 5737 5734 5731 5710 5708 5700 5685 5663 5660 5638 5633 5626 5624 5621 5611 5605 5602 5582 5576 5556 5546 5545 5542 5534 5527 5525 5521 5512 5510 5507 5497 5486 5483 5474 5454 5441 5421 5420 5403 5398 5390 5384 5382 5379 5354 5322 5292 5266 5261 5258 5247 5244 5234 5216 5208 5205 5193 5172 5159 5152 5147 5146 5134 5131 5123 5120 5116 5108 5099 5082 5078 5077 5065 5064 5063 5027 5024 5001 4990 4981 4974 4965 4943 4940 4932 4913 4888 4874 4859 4858 4855 4851 4837 4820 4807 4804 4760 4758 4753 4745 4738 4713 4709 4679 4642 4637 4629 4628 4612 4610 4600 4598 4592 4587 4552 4550 4546 4539 4536 4514 4497 4477 4472 4467 4462 4459 4451 4447 4446 4440 4422 4402 4397 4395 4393 4391 4383 4381 4380 4378 4356 4351 4346 4318 4314 4295 4290 4282 4278 4271 4250 4249 4246 4216 4213 4200 4185 4176 4174 4171 4169 4166 4157 4155 4118 4114 4104 4083 4076 4054 4049 4048 4044 4036 4033 4031 4021 4018 3999 3994 3982 3973 3965 3950 3945 3925 3923 3920 3918 3907 3876 3863 3854 3847 3846 3830 3827 3810 3794 3790 3777 3769 3760 3757 3753 3751 3736 3727 3716 3708 3707 3698 3688 3683 3682 3679 3672 3668 3658 3646 3641 3636 3625 3620 3617 3616 3613 3610 3600 3594 3591 3586 3582 3573 3568 3567 3564 3536 3518 3498 3495 3491 3488 3483 3481 3479 3469 3460 3458 3445 3440 3434 3428 3427 3411 3410 3409 3401 3391 3386 3378 3377 3374 3343 3338 3325 3321 3318 3310 3306 3304 3302 3294 3290 3289 3284 3276 3275 3265 3248 3230 3212 3198 3181 3166 3158 3146 3095 3090 3089 3088 3076 3072 3055 3045 3033 3011 3003 3001 2984 2979 2971 2967 2960 2956 2955 2951 2936 2932 2915 2908 2893 2878 2875 2874 2857 2852 2849 2844 2833 2814 2808 2803 2792 2785 2765 2758 2740 2734 2714 2705 2701 2696 2672 2669 2666 2662 2649 2644 2631 2622 2618 2591 2572 2571 2569 2566 2565 2560 2547 2517 2493 2467 2464 2459 2432 2426 2424 2420 2418 2409 2384 2380 2370 2365 2356 2342 2335 2303 2300 2293 2292 2284 2272 2255 2231 2228 2221 2210 2187 2178 2175 2171 2167 2138 2137 2097 2094 2089 2083 2066 2049 2039 2030 2024 2022 2013 2005 2001 1993 1989 1980 1979 1967 1964 1944 1917 1880 1876 1858 1854 1848 1831 1810 1809 1805 1793 1787 1783 1778 1773 1770 1756 1750 1742 1728 1714 1692 1689 1686 1679 1676 1675 1661 1651 1640 1629 1622 1621 1599 1594 1592 1582 1564 1563 1560 1534 1530 1523 1514 1507 1501 1493 1488 1482 1468 1464 1460 1436 1434 1425 1421 1413 1409 1406 1405 1402 1397 1387 1384 1380 1353 1351 1346 1344 1339 1338 1311 1294 1275 1268 1265 1264 1252 1245 1215 1208 1198 1188 1185 1183 1177 1173 1165 1163 1160 1158 1152 1150 1148 1145 1143 1141 1139 1137 1129 1121 1119 1116 1109 1106 1095 1083 1075 1070 1068 1061 1037 1033 1032 1024 1018 1003 994 989 981 977 974 970 957 945 924 917 915 897 894 893 884 873 854 847 844 830 810 802 795 783 777 776 763 760 718 708 702 693 688 669 665 660 643 642 638 628 620 606 590 569 565 555 523 512 504 491 474 471 459 447 443 440 431 426 423 412 402 399 396 389 382 379 369 353 350 347 344 341 311 304 293 280 274 256 251 248 242 230 211 204 202 197 196 175 170 166 159 148 143 136 131 130 124 116 114 112 110 94 66 65 62 10 
e: 16999 16993 16986 16944 16937 16913 16906 16895 16877 16859 16704 16667 16654 16651 16591 16560 16537 16509 16487 16478 16464 16426 16376 16342 16338 16319 16253 16245 16225 16215 16136 16107 16079 16051 16034 16030 16014 16005 16001 15975 15949 15923 15888 15866 15852 15819 15811 15781 15755 15752 15731 15729 15728 15672 15626 15544 15474 15399 15315 15305 15205 15198 15094 15057 14989 14978 14940 14751 14723 14634 14607 14588 14562 14560 14532 14499 14474 14453 14402 14389 14336 14301 14293 14262 14257 14250 14234 14208 14153 14142 14135 14079 14074 14062 14001 14000 13999 13995 13992 13973 13964 13962 13956 13952 13929 13920 13903 13899 13894 13890 13867 13858 13853 13843 13795 13788 13777 13768 13766 13764 13757 13753 13745 13738 13736 13718 13697 13693 13690 13682 13675 13671 13665 13643 13634 13628 13618 13616 13593 13587 13572 13567 13550 13537 13534 13514 13513 13507 13500 13496 13492 13469 13466 13428 13423 13420 13405 13372 13366 13365 13357 13342 13324 13321 13314 13305 13289 13280 13278 13275 13272 13259 13258 13252 13242 13236 13225 13221 13220 13219 13208 13197 13172 13163 13157 13146 13131 13113 13089 13085 13081 13076 13047 13030 13019 13015 13004 13002 13000 12979 12978 12969 12949 12943 12940 12929 12925 12922 12916 12907 12895 12894 12887 12886 12867 12850 12849 12841 12825 12814 12812 12804 12794 12789 12782 12763 12757 12756 12754 12737 12732 12729 12721 12699 12662 12655 12649 12638 12636 12629 12619 12610 12608 12596 12588 12581 12580 12577 12568 12562 12560 12550 12534 12532 12522 12519 12517 12504 12500 12476 12464 12456 12437 12425 12421 12417 12386 12364 12358 12357 12332 12320 12300 12272 12269 12259 12244 12239 12231 12225 12198 12192 12169 12157 12153 12147 12139 12130 12123 12119 12097 12092 12084 12064 12058 12048 12035 12028 12026 12022 12021 12008 11994 11991 11981 11972 11946 11940 11926 11923 11914 11911 11908 11904 11899 11893 11880 11872 11865 11864 11862 11853 11852 11847 11820 11817 11790 11775 11763 11755 11750 11742 11735 11728 11715 11709 11698 11694 11679 11655 11646 11628 11620 11604 11568 11566 11561 11560 11559 11548 11543 11541 11529 11511 11508 11499 11496 11471 11465 11456 11453 11425 11423 11417 11404 11396 11395 11383 11372 11367 11361 11358 11353 11340 11328 11318 11315 11309 11300 11291 11281 11271 11269 11237 11222 11209 11179 11157 11149 11128 11100 11092 11090 11078 11066 11055 11049 11030 11025 11017 11009 10999 10994 10991 10984 10950 10945 10941 10931 10927 10905 10892 10880 10854 10844 10833 10823 10807 10800 10799 10798 10778 10772 10761 10743 10730 10728 10717 10712 10697 10690 10688 10684 10652 10632 10628 10619 10617 10610 10601 10595 10593 10586 10579 10569 10558 10551 10544 10543 10525 10515 10511 10485 10484 10481 10472 10442 10436 10427 10420 10402 10398 10393 10383 10375 10349 10339 10330 10321 10306 10303 10302 10274 10221 10219 10203 10194 10190 10182 10157 10149 10141 10138 10137 10127 10125 10082 10067 10053 10034 10026 10013 9997 9983 9978 9967 9924 9918 9906 9902 9894 9856 9854 9853 9849 9837 9836 9820 9817 9800 9789 9778 9768 9752 9749 9743 9737 9728 9712 9698 9691 9685 9682 9668 9663 9631 9626 9616 9604 9600 9599 9575 9573 9572 9570 9558 9554 9547 9542 9530 9522 9520 9487 9485 9470 9461 9449 9442 9425 9419 9404 9394 9387 9382 9372 9368 9356 9330 9323 9320 9312 9300 9299 9288 9287 9274 9273 9271 9263 9254 9251 9249 9244 9228 9224 9221 9210 9200 9191 9187 9172 9159 9155 9133 9122 9116 9103 9098 9095 9092 9081 9061 9049 9043 9030 9026 9022 9019 9007 8998 8995 8990 8982 8981 8971 8970 8968 8966 8959 8945 8943 8940 8925 8924 8919 8916 8905 8897 8881 8872 8864 8851 8850 8837 8821 8788 8777 8740 8729 8724 8713 8698 8689 8676 8673 8666 8659 8625 8607 8600 8595 8549 8544 8541 8540 8537 8528 8509 8486 8477 8446 8440 8426 8425 8423 8413 8402 8401 8391 8388 8384 8377 8368 8361 8347 8341 8327 8313 8311 8294 8281 8270 8267 8264 8261 8259 8249 8224 8219 8202 8200 8181 8178 8165 8155 8150 8137 8134 8112 8105 8101 8098 8096 8092 8083 8067 8066 8054 8045 8044 8024 8020 8019 7987 7986 7982 7968 7952 7941 7940 7927 7926 7922 7913 7896 7867 7860 7850 7847 7845 7833 7822 7819 7788 7787 7782 7771 7727 7709 7703 7690 7674 7670 7668 7667 7661 7660 7659 7651 7641 7640 7639 7604 7578 7563 7557 7548 7506 7505 7502 7490 7485 7484 7476 7470 7462 7460 7452 7437 7410 7409 7406 7399 7395 7391 7350 7340 7334 7333 7330 7322 7306 7278 7274 7260 7252 7237 7236 7234 7232 7228 7223 7217 7210 7209 7204 7197 7194 7190 7179 7168 7155 7130 7128 7127 7118 7110 7105 7099 7098 7089 7080 7072 7065 7054 7049 7046 7034 7030 7028 6995 6993 6988 6987 6982 6974 6970 6958 6935 6933 6932 6926 6920 6901 6900 6895 6877 6865 6862 6837 6817 6807 6799 6798 6787 6784 6764 6756 6744 6740 6738 6735 6727 6700 6678 6675 6666 6646 6631 6620 6605 6602 6600 6594 6579 6574 6567 6562 6561 6559 6558 6533 6521 6513 6512 6496 6487 6483 6465 6464 6463 6462 6461 6457 6447 6439 6420 6415 6407 6395 6393 6390 6388 6378 6370 6369 6348 6347 6346 6345 6337 6332 6318 6304 6291 6285 6282 6240 6221 6217 6200 6195 6184 6182 6169 6154 6151 6137 6131 6121 6116 6111 6102 6100 6091 6067 6063 6043 6036 6022 6018 6005 5995 5993 5982 5972 5971 5968 5964 5961 5958 5953 5952 5950 5945 5925 5924 5913 5903 5899 5897 5876 5864 5862 5836 5833 5818 5812 5803 5801 5799 5790 5786 5780 5778 5767 5763 5748 5743 5726 5720 5718 5704 5699 5693 5690 5687 5671 5670 5662 5657 5647 5646 5627 5625 5607 5596 5586 5579 5566 5563 5554 5550 5548 5547 5540 5522 5509 5477 5471 5447 5445 5443 5438 5430 5427 5418 5417 5406 5400 5396 5392 5387 5373 5368 5363 5358 5356 5347 5338 5328 5326 5305 5296 5293 5282 5280 5275 5264 5242 5228 5215 5209 5206 5201 5198 5188 5180 5169 5161 5153 5145 5138 5122 5110 5102 5088 5084 5075 5058 5053 5042 5018 5012 5000 4993 4991 4980 4960 4959 4958 4956 4948 4944 4942 4928 4920 4919 4915 4899 4896 4881 4878 4867 4844 4838 4821 4817 4755 4750 4744 4733 4725 4724 4716 4698 4686 4684 4668 4667 4613 4588 4574 4571 4555 4554 4540 4529 4516 4513 4510 4498 4493 4492 4465 4442 4435 4425 4424 4413 4411 4405 4389 4374 4369 4364 4358 4353 4352 4349 4345 4342 4320 4267 4264 4257 4255 4253 4252 4244 4241 4237 4228 4224 4215 4208 4197 4190 4184 4170 4145 4144 4143 4131 4125 4116 4101 4100 4089 4088 4085 4079 4074 4070 4055 4038 4035 4029 4028 4027 4014 4004 3988 3958 3952 3947 3935 3928 3906 3898 3891 3890 3881 3878 3873 3868 3866 3865 3841 3835 3826 3824 3806 3784 3766 3748 3742 3734 3732 3729 3725 3722 3718 3711 3697 3687 3686 3675 3638 3623 3619 3593 3585 3575 3569 3566 3555 3543 3540 3528 3523 3521 3519 3516 3508 3503 3490 3467 3441 3436 3430 3425 3419 3418 3403 3397 3382 3365 3348 3342 3336 3334 3332 3329 3313 3300 3274 3267 3264 3260 3241 3231 3229 3228 3227 3204 3200 3195 3170 3160 3153 3149 3145 3141 3139 3136 3131 3125 3121 3119 3115 3112 3106 3086 3084 3071 3069 3060 3058 3056 3048 3047 3038 3031 3010 2998 2989 2983 2974 2950 2946 2944 2937 2931 2925 2921 2910 2897 2876 2864 2854 2822 2821 2818 2813 2795 2788 2779 2771 2767 2756 2749 2730 2711 2709 2708 2698 2695 2694 2682 2664 2661 2656 2639 2637 2627 2625 2612 2607 2602 2596 2593 2592 2576 2567 2562 2559 2556 2555 2536 2535 2534 2530 2526 2525 2522 2516 2514 2508 2458 2454 2453 2450 2445 2444 2438 2430 2429 2404 2400 2395 2393 2389 2363 2359 2358 2347 2340 2330 2324 2305 2302 2296 2281 2266 2261 2240 2225 2223 2199 2197 2195 2188 2177 2169 2154 2132 2124 2121 2099 2092 2086 2084 2079 2078 2076 2071 2063 2057 2053 2052 2028 2026 2025 2023 2019 2008 1997 1985 1965 1961 1957 1953 1947 1945 1940 1938 1928 1920 1916 1913 1910 1898 1871 1851 1847 1837 1829 1823 1816 1813 1803 1794 1788 1785 1779 1767 1763 1753 1752 1747 1737 1734 1725 1722 1709 1699 1688 1685 1665 1663 1659 1642 1638 1609 1586 1570 1569 1559 1549 1540 1536 1535 1518 1508 1485 1463 1456 1449 1443 1431 1415 1412 1410 1389 1388 1359 1358 1349 1325 1324 1304 1295 1292 1291 1289 1270 1261 1258 1254 1246 1243 1238 1234 1233 1212 1209 1200 1184 1162 1147 1144 1131 1125 1093 1078 1076 1073 1064 1050 1046 1044 1029 1013 1005 999 993 983 965 953 934 929 922 919 911 907 903 900 898 889 886 865 861 858 839 819 818 812 806 805 803 800 797 796 793 785 781 766 762 740 737 732 704 700 696 695 673 666 640 622 602 593 585 582 580 566 562 559 542 536 529 520 517 499 457 452 450 433 432 428 425 420 415 383 374 368 328 322 318 314 301 300 291 267 263 250 245 244 240 231 225 190 164 163 149 145 128 117 115 113 79 51 13 3 
f: 16979 16958 16910 16887 16886 16882 16824 16805 16776 16757 16743 16709 16673 16644 16639 16606 16582 16574 16571 16530 16520 16513 16508 16502 16489 16486 16458 16452 16438 16422 16411 16407 16406 16397 16386 16384 16358 16349 16322 16316 16266 16262 16256 16248 16218 16208 16150 16120 16119 16089 16080 16075 16072 15983 15969 15914 15898 15877 15869 15862 15836 15820 15717 15714 15701 15694 15684 15666 15653 15652 15614 15608 15560 15528 15523 15506 15473 15464 15437 15417 15408 15388 15387 15360 15359 15345 15341 15338 15303 15282 15274 15257 15250 15225 15213 15173 15168 15163 15147 15136 15082 15069 15029 14993 14942 14898 14886 14856 14770 14766 14739 14726 14720 14683 14621 14619 14602 14601 14592 14567 14550 14508 14505 14495 14463 14462 14374 14367 14333 14310 14306 14263 14246 14232 14190 14168 14149 14126 14123 14109 14103 14100 14097 14085 14052 14050 14016 14014 13985 13979 13957 13935 13919 13855 13837 13817 13775 13686 13674 13629 13627 13615 13612 13553 13484 13463 13413 13411 13354 13343 13338 13297 13286 13273 13251 13244 13207 13180 13088 13080 13078 13074 13064 13013 13005 12973 12956 12898 12783 12767 12731 12713 12700 12676 12667 12645 12488 12472 12424 12413 12391 12381 12373 12299 12276 12268 12256 12247 12177 12173 12132 12101 12072 12002 11973 11922 11913 11871 11833 11819 11791 11777 11736 11726 11689 11648 11609 11578 11549 11536 11489 11476 11469 11450 11432 11397 11374 11335 11329 11317 11265 11257 11253 11238 11182 11094 11027 11007 10983 10944 10932 10906 10887 10860 10809 10805 10719 10653 10622 10606 10580 10576 10519 10508 10505 10502 10493 10487 10480 10454 10329 10320 10290 10131 10028 10021 10009 9973 9960 9916 9892 9866 9757 9726 9702 9694 9677 9675 9654 9618 9603 9555 9519 9504 9499 9476 9440 9415 9411 9370 9349 9302 9285 9278 9252 9230 9169 9139 9031 8992 8972 8939 8875 8808 8786 8589 8547 8539 8420 8411 8392 8340 8299 8225 8152 8125 8068 8016 7998 7970 7920 7882 7868 7770 7749 7729 7676 7666 7648 7646 7613 7552 7543 7508 7487 7465 7403 7374 7347 7297 7294 7287 7270 7257 7230 7191 7151 7146 7114 7101 7053 7001 6981 6968 6963 6942 6890 6832 6806 6751 6552 6356 6322 6301 6283 6279 6264 6232 6229 6225 6157 6134 6055 6052 6019 5947 5942 5935 5898 5861 5835 5827 5719 5674 5665 5661 5643 5619 5588 5584 5569 5559 5543 5541 5514 5493 5470 5452 5413 5397 5395 5317 5197 5183 5176 5141 5115 5090 5081 5026 5020 4998 4941 4922 4872 4852 4819 4818 4674 4659 4594 4575 4347 4340 4321 4304 4259 4217 4191 4180 4134 4133 4111 4102 4075 3975 3964 3909 3807 3733 3649 3606 3529 3524 3487 3473 3443 3364 3349 3299 3271 3242 3215 3184 3168 3137 3118 3111 3109 3108 3051 3026 3022 2962 2911 2865 2843 2831 2809 2733 2717 2706 2680 2628 2609 2598 2587 2580 2471 2455 2440 2419 2405 2338 2316 2299 2283 2273 2257 2252 2201 1992 1950 1943 1909 1904 1896 1866 1825 1815 1786 1762 1744 1724 1669 1593 1500 1496 1469 1462 1418 1417 1383 1313 1306 1273 1272 1241 1239 1210 1207 1136 1097 1047 1002 987 964 956 950 904 901 899 856 846 829 772 768 765 736 735 730 727 725 724 703 631 612 594 592 573 549 538 513 503 476 472 417 408 386 364 345 340 313 308 152 142 134 127 121 103 100 86 15 
g: 16976 16967 16905 16894 16871 16858 16854 16821 16791 16608 16603 16594 16587 16499 16476 16455 16449 16419 16412 16409 16394 16387 16380 16374 16373 16311 16309 16293 16281 16244 16224 16042 15926 15851 15842 15833 15754 15748 15725 15710 15698 15675 15671 15657 15597 15562 15520 15503 15461 15446 15422 15413 15398 15371 15347 15293 15270 15230 15187 15165 15134 15093 15078 15046 14988 14973 14961 14928 14920 14911 14900 14883 14853 14794 14772 14743 14729 14716 14703 14633 14616 14606 14587 14559 14514 14473 14452 14401 14388 14381 14369 14356 14328 14312 14284 14219 14214 14207 14193 14128 14078 14065 13874 13811 13461 13408 13359 13249 13238 13183 13121 13009 12872 12773 12691 12411 12252 12085 11997 11947 11927 11925 11825 11474 11255 11211 11167 10921 10872 10853 9976 9948 9901 9893 9579 9563 9484 9472 9216 9178 8950 8558 8380 8088 8073 8003 7590 7367 7280 7212 7141 6615 6311 6215 6176 6117 6066 5787 5500 5467 5355 5230 5226 5128 4866 4471 4165 4061 3771 3768 3754 3371 3303 3178 3175 2867 2643 2577 2289 1879 1220 1182 1079 1049 610 468 133 105 78 46 34 2 
h: 16996 16988 16982 16980 16969 16953 16889 16864 16761 16727 16430 16424 16344 16247 16206 15874 15704 15450 15449 15258 15256 15146 15125 15104 15012 14877 14709 14599 14408 14121 14105 13911 13887 13885 13878 13842 13739 13658 13517 13378 13060 13026 12966 12876 12740 12663 12555 12419 12371 12331 12313 12308 12171 12159 12149 12053 12039 12037 12034 11919 11888 11840 11812 11702 11589 11518 11371 11349 11313 11229 11218 11183 11153 11016 10936 10934 10859 10790 10735 10656 10644 10578 10524 10429 10300 10265 10205 10176 10025 9888 9751 9714 9710 9658 9364 9290 9279 9265 9110 9080 9029 9024 9014 9005 8921 8883 8764 8762 8749 8645 8578 8565 8518 8409 8379 8310 8269 8254 8195 8029 7791 7739 7368 7171 7169 7134 6918 6913 6774 6711 6668 6606 6475 6400 6209 6190 5979 5974 5888 5850 5838 5756 5591 5518 5492 5345 5252 5136 5037 4996 4964 4723 4609 4532 4530 4392 4363 4357 3916 3883 3875 3839 3714 3655 3615 3563 3558 3361 3353 3277 3270 3182 3024 2227 2186 2128 1924 1790 1708 1664 1544 1520 1473 1427 1396 1280 1164 1040 754 658 553 323 315 306 296 261 222 217 201 194 189 178 98 
i: 16968 16964 16963 16938 16930 16929 16922 16855 16839 16833 16788 16778 16723 16700 16686 16674 16671 16663 16652 16641 16627 16624 16597 16585 16568 16546 16543 16534 16523 16493 16491 16482 16459 16445 16439 16390 16351 16337 16330 16321 16312 16303 16261 16254 16227 16204 16199 16183 16168 16151 16144 16132 16110 16109 16095 16090 16069 16061 16057 16052 16036 16025 16020 15984 15970 15956 15947 15942 15924 15921 15917 15891 15867 15828 15788 15786 15776 15775 15744 15733 15718 15692 15685 15660 15628 15624 15621 15602 15580 15540 15511 15438 15351 15343 15331 15330 15284 15272 15259 15251 15241 15221 15214 15121 15096 15091 15089 15083 15032 15022 15005 15004 15002 14991 14986 14984 14975 14966 14962 14960 14941 14931 14929 14894 14867 14827 14814 14808 14804 14777 14768 14763 14731 14670 14662 14658 14657 14655 14653 14649 14645 14641 14639 14628 14590 14527 14519 14515 14509 14458 14455 14426 14422 14405 14349 14295 14255 14240 14229 14220 14191 14176 14175 14163 14127 14104 13988 13981 13923 13883 13861 13830 13800 13706 13672 13668 13468 13434 13424 13356 13345 13240 13231 13210 13177 13143 13110 13103 13075 12830 12772 12719 12715 12709 12598 12593 12520 12457 12363 12350 12120 12118 12113 12090 12029 11970 11890 11863 11848 11826 11802 11712 11696 11632 11614 11610 11501 11472 11466 11446 11436 11403 11398 11392 11355 11302 11298 11284 11151 11135 11095 11060 11013 10996 10864 10829 10824 10786 10732 10704 10687 10672 10666 10583 10572 10560 10540 10426 10413 10407 10403 10366 10357 10316 10305 10284 10199 10170 10162 10136 10134 9989 9957 9872 9805 9803 9795 9773 9731 9584 9529 9518 9481 9383 9361 9343 9334 9317 9311 9245 9179 9058 8960 8936 8838 8826 8803 8789 8709 8662 8614 8606 8521 8467 8458 8452 8350 8319 8252 8154 8071 8060 8057 7967 7965 7892 7864 7827 7752 7721 7700 7623 7599 7556 7547 7488 7481 7392 7219 7183 7178 7135 7092 7014 6979 6931 6911 6843 6842 6815 6726 6694 6687 6648 6522 6495 6399 6383 6334 6314 6270 6267 6265 6248 6226 6185 6047 6046 6042 6040 6017 5893 5847 5828 5773 5692 5669 5667 5650 5617 5533 5461 5435 5405 5381 5371 5249 5227 5191 5179 5098 5080 5028 4999 4988 4814 4779 4772 4740 4636 4577 4302 4233 4230 4159 4142 4113 4110 4093 4024 3977 3969 3941 3937 3931 3903 3869 3783 3770 3576 3542 3501 3482 3454 3363 3220 3208 3172 3028 2988 2968 2924 2917 2848 2786 2781 2736 2690 2674 2658 2615 2552 2511 2504 2474 2460 2451 2408 2399 2334 2320 2233 2216 2136 2107 2088 2067 2060 1972 1969 1911 1889 1706 1703 1575 1524 1516 1448 1435 1400 1376 1317 1259 1226 1138 1060 1014 1006 928 877 826 821 808 799 722 692 675 663 579 544 541 429 359 330 312 278 249 229 176 104 48 39 35 33 14 
j: 14069 12928 12860 12787 12094 12075 11915 11607 11343 11308 10937 10629 10537 10036 9958 9209 9148 8146 8123 7996 7582 7495 7357 7290 7136 7129 6534 6443 6023 5595 5033 4906 4752 4656 4651 4553 4473 4468 4199 4103 4087 3968 3936 3896 3864 3413 3404 2364 2218 1639 1598 1088 1043 462 373 167 158 60 8 
k: 16936 16768 16713 16106 14760 14740 
l: 16977 16899 16875 16811 16724 16680 16634 16604 16562 16554 16547 16542 16524 16518 16514 16500 16469 16456 16450 16420 16414 16395 16355 16255 16250 16181 16175 16156 16148 16138 16113 16082 16053 16021 15935 15911 15880 15868 15859 15834 15813 15773 15699 15563 15521 15504 15482 15462 15348 15231 15219 15166 15135 15130 14974 14901 14890 14823 14803 14792 14785 14773 14697 14669 14617 14579 14420 14370 14313 14307 14300 14200 14045 14040 13996 13990 13972 13918 13889 13741 13717 13680 13633 13588 13583 13569 13526 13453 13299 13224 13160 13148 13133 13011 12995 12962 12953 12883 12869 12857 12829 12762 12753 12726 12703 12609 12359 12290 12286 12278 12241 12220 12214 12183 12163 12057 11963 11945 11934 11858 11842 11793 11734 11717 11677 11606 11579 11497 11427 11346 11294 11267 11266 11193 11058 10971 10886 10849 10812 10784 10699 10545 10521 10468 10418 10364 10267 10226 10086 10030 9996 9985 9964 9954 9832 9813 9806 9649 9639 9550 9418 9207 9040 9034 8857 8753 8726 8707 8681 8654 8629 8489 8474 8397 8383 8275 8158 8065 7754 7677 7609 7603 7576 7521 7512 7480 7478 7414 7411 7408 7370 7266 7256 7188 7186 7074 7071 7043 6976 6973 6922 6915 6894 6889 6873 6858 6846 6828 6826 6762 6737 6720 6664 6640 6633 6596 6571 6490 6446 6349 6262 6231 6211 6075 5955 5894 5890 5863 5793 5770 5768 5736 5659 5632 5620 5568 5476 5464 5457 5449 5424 5350 5346 5340 5109 5092 5004 4857 4846 4728 4658 4652 4643 4535 4331 4305 4122 4092 3954 3809 3662 3626 3553 3533 3466 3439 3432 3333 3285 3224 3068 3063 2986 2952 2905 2896 2858 2847 2807 2797 2757 2738 2731 2697 2638 2636 2604 2545 2510 2425 2415 2291 2151 2133 2045 2006 1999 1860 1841 1812 1657 1604 1522 1492 1479 1393 1382 1196 1072 1022 850 845 787 770 707 556 467 390 385 346 335 252 182 147 144 71 47 
m: 16971 16955 16945 16862 16827 16796 16763 16711 16708 16705 16665 16655 16642 16625 16527 16474 16415 16333 16306 16285 16172 16170 16117 16065 16039 16013 15997 15994 15992 15964 15796 15766 15763 15759 15703 15689 15612 15583 15565 15532 15495 15467 15427 15383 15342 15320 15313 15298 15245 15234 15109 15055 14958 14902 14857 14805 14717 14557 14520 14491 14441 14329 14286 14280 14278 14259 14225 14154 14129 14111 14081 14070 14067 14025 14022 13987 13969 13963 13955 13947 13934 13926 13904 13900 13886 13880 13872 13871 13846 13840 13822 13816 13806 13803 13793 13767 13758 13748 13733 13716 13709 13705 13702 13679 13655 13649 13642 13632 13577 13524 13515 13436 13427 13410 13387 13375 13348 13336 13335 13322 13303 13294 13284 13276 13265 13212 13202 13176 13159 13135 13126 13120 13119 13111 13097 13092 13082 13077 13069 13042 13025 13022 13018 12998 12996 12994 12987 12974 12967 12948 12912 12897 12871 12834 12811 12805 12793 12788 12779 12776 12765 12761 12750 12728 12712 12668 12647 12642 12632 12621 12617 12606 12594 12585 12579 12570 12544 12540 12530 12499 12494 12486 12474 12465 12434 12423 12418 12408 12401 12397 12395 12366 12362 12349 12340 12334 12326 12314 12296 12280 12262 12261 12195 12191 12186 12185 12179 12175 12152 12124 12117 12102 12096 12082 12074 12067 12061 12060 12046 12036 12024 12013 12003 11968 11955 11910 11861 11844 11837 11832 11829 11769 11760 11745 11706 11676 11666 11637 11618 11613 11611 11581 11574 11545 11510 11492 11463 11451 11444 11441 11424 11421 11413 11405 11402 11389 11363 11341 11307 11296 11289 11244 11223 11214 11205 11132 11130 11114 11112 11102 11089 11085 11075 11045 11034 11018 11001 10988 10975 10947 10940 10898 10883 10874 10869 10855 10843 10840 10827 10820 10793 10785 10780 10775 10771 10768 10759 10749 10748 10729 10709 10708 10706 10683 10678 10668 10665 10661 10618 10615 10599 10592 10570 10564 10542 10533 10527 10478 10471 10461 10416 10409 10373 10372 10369 10362 10332 10295 10283 10278 10272 10270 10262 10260 10249 10236 10193 10169 10163 10155 10146 10144 10129 10109 10106 10100 10094 10088 10079 10060 10049 10032 10019 10005 9993 9992 9951 9943 9927 9915 9904 9890 9869 9867 9842 9834 9828 9822 9791 9782 9763 9754 9739 9736 9730 9727 9719 9707 9701 9699 9644 9595 9587 9553 9539 9502 9474 9454 9429 9422 9413 9384 9377 9373 9339 9333 9266 9241 9237 9232 9205 9185 9161 9154 9147 9112 9100 9066 9046 9036 9021 9000 8989 8985 8965 8961 8953 8942 8938 8935 8930 8866 8863 8859 8845 8781 8733 8728 8723 8719 8716 8680 8640 8632 8588 8579 8573 8542 8533 8527 8503 8491 8488 8482 8459 8447 8437 8430 8403 8396 8393 8389 8378 8375 8373 8354 8317 8312 8302 8289 8274 8244 8235 8231 8227 8223 8216 8213 8207 8204 8199 8188 8172 8164 8149 8130 8128 8120 8115 8111 8097 8095 8089 8086 8059 8058 8036 8027 7995 7963 7959 7957 7954 7948 7944 7934 7925 7912 7909 7895 7894 7887 7881 7865 7863 7843 7835 7811 7808 7805 7801 7793 7772 7755 7744 7738 7725 7681 7655 7650 7645 7635 7625 7624 7622 7615 7612 7596 7586 7581 7577 7528 7520 7517 7511 7499 7497 7459 7455 7454 7439 7430 7423 7419 7400 7394 7388 7361 7331 7313 7312 7301 7289 7244 7221 7208 7200 7199 7173 7156 7152 7148 7147 7143 7123 7108 7104 7100 7090 7086 7062 7052 7048 7044 7035 7031 7026 7022 7000 6978 6960 6956 6952 6947 6927 6899 6888 6876 6875 6841 6838 6823 6820 6818 6805 6803 6800 6772 6750 6748 6733 6732 6722 6705 6690 6682 6663 6659 6658 6656 6645 6644 6629 6628 6613 6604 6593 6589 6582 6555 6554 6532 6529 6524 6518 6499 6486 6480 6469 6455 6450 6441 6437 6426 6381 6380 6364 6355 6352 6343 6340 6333 6326 6325 6313 6309 6308 6294 6281 6272 6261 6244 6214 6210 6202 6194 6183 6167 6150 6147 6146 6145 6130 6120 6105 6089 6081 6077 6070 6058 6045 6039 6033 6031 6014 6012 6011 6010 6008 5997 5988 5984 5976 5969 5965 5934 5930 5927 5911 5904 5880 5874 5860 5846 5831 5824 5781 5766 5732 5706 5696 5688 5682 5679 5615 5594 5565 5551 5472 5434 5432 5404 5389 5380 5365 5361 5360 5353 5321 5318 5316 5314 5311 5301 5291 5274 5259 5214 5210 5186 5177 5165 5114 5100 5083 5070 5052 5045 5036 5011 4982 4937 4934 4924 4908 4902 4887 4885 4876 4870 4860 4813 4810 4805 4786 4767 4763 4759 4754 4731 4722 4715 4706 4697 4689 4687 4681 4676 4673 4661 4648 4633 4623 4616 4580 4531 4528 4525 4519 4479 4474 4452 4432 4420 4406 4385 4355 4343 4341 4335 4325 4317 4308 4303 4289 4280 4269 4266 4248 4243 4232 4227 4218 4212 4182 4153 4137 4072 4060 4056 4041 4006 4002 3989 3980 3978 3951 3908 3900 3895 3892 3888 3861 3859 3855 3849 3831 3825 3804 3792 3788 3778 3761 3752 3750 3747 3724 3696 3665 3631 3609 3607 3603 3590 3581 3580 3572 3562 3557 3552 3549 3538 3537 3530 3514 3510 3504 3493 3486 3478 3464 3453 3429 3414 3385 3381 3360 3357 3354 3309 3298 3293 3283 3251 3244 3240 3238 3222 3211 3207 3202 3192 3190 3187 3176 3147 3130 3113 3101 3065 3062 3043 3036 3029 3019 3008 3005 3004 3002 2966 2954 2938 2933 2903 2899 2889 2863 2856 2850 2830 2824 2805 2784 2724 2704 2702 2684 2660 2613 2608 2603 2584 2579 2574 2564 2557 2554 2543 2533 2523 2518 2503 2499 2457 2427 2414 2411 2407 2388 2379 2361 2287 2280 2278 2269 2256 2253 2249 2247 2238 2205 2183 2176 2162 2148 2144 2142 2114 2110 2105 2103 2090 2082 2081 2074 2065 2050 2033 2018 2015 1983 1971 1952 1949 1946 1903 1900 1844 1833 1832 1824 1820 1802 1791 1775 1774 1755 1741 1701 1698 1696 1670 1667 1660 1641 1630 1625 1623 1615 1607 1600 1581 1567 1565 1553 1548 1511 1471 1454 1447 1433 1407 1381 1371 1363 1354 1343 1340 1333 1330 1303 1297 1277 1267 1263 1203 1176 1174 1149 1108 1105 1099 1090 1086 1071 1065 1036 1023 1009 992 980 976 948 939 930 910 906 882 878 864 831 817 815 811 794 779 767 746 744 741 714 710 709 690 685 679 677 670 664 652 626 599 578 575 571 567 564 558 548 534 527 525 515 508 498 496 486 470 464 456 449 446 437 405 378 367 349 334 324 320 298 287 273 257 246 233 228 224 219 195 187 185 169 162 157 135 106 88 81 61 58 31 9 6 
n: 16998 16994 16985 16935 16934 16928 16900 16835 16770 16762 16754 16728 16720 16697 16629 16589 16550 16541 16492 16461 16367 16335 16193 16127 16112 16101 15927 15909 15878 15875 15772 15553 15538 15356 15300 15247 15190 15156 15001 14998 14954 14949 14858 14744 14676 14636 14479 14429 14264 14243 14226 14156 14088 14024 14021 13984 13976 13974 13961 13946 13936 13930 13891 13836 13831 13814 13787 13755 13751 13728 13670 13669 13656 13654 13646 13645 13610 13607 13579 13566 13563 13559 13548 13520 13508 13494 13488 13487 13471 13457 13455 13442 13433 13397 13391 13389 13370 13367 13363 13349 13344 13323 13317 13235 13211 13189 13184 13168 13093 13090 13073 12954 12927 12917 12908 12905 12889 12833 12809 12800 12790 12784 12722 12706 12701 12689 12673 12657 12620 12605 12603 12584 12539 12505 12498 12493 12483 12459 12440 12426 12396 12307 12277 12234 12223 12196 12158 12122 12095 12031 12023 11995 11993 11986 11961 11918 11903 11827 11786 11780 11759 11757 11749 11731 11718 11703 11697 11661 11652 11633 11612 11572 11556 11553 11544 11537 11519 11515 11504 11426 11376 11369 11280 11277 11264 11261 11260 11252 11248 11232 11202 11171 11166 11125 11101 11088 11083 11064 11052 11015 11008 10974 10955 10915 10881 10878 10858 10857 10846 10845 10836 10811 10789 10781 10767 10745 10737 10696 10646 10641 10625 10621 10563 10562 10520 10513 10466 10445 10438 10419 10401 10346 10335 10310 10307 10277 10259 10207 10158 10128 10124 10115 10103 10045 10015 10008 10001 9980 9962 9939 9936 9926 9923 9905 9884 9868 9865 9852 9851 9831 9827 9826 9812 9810 9784 9762 9700 9683 9627 9606 9590 9578 9546 9498 9421 9395 9375 9337 9269 9256 9222 9157 9144 9071 9052 9025 8991 8984 8973 8964 8931 8928 8926 8882 8876 8874 8849 8834 8833 8827 8825 8801 8793 8767 8750 8743 8720 8520 8517 8514 8502 8473 8465 8348 8321 8278 8262 8239 8198 8161 8109 8107 8061 8055 8015 7980 7975 7958 7950 7937 7928 7914 7911 7908 7905 7893 7884 7848 7831 7817 7798 7780 7757 7683 7657 7638 7629 7605 7597 7595 7585 7567 7537 7519 7471 7466 7451 7415 7387 7372 7362 7325 7293 7267 7160 7138 7082 7068 7061 7059 7040 7018 7008 6916 6867 6821 6816 6812 6810 6781 6769 6754 6753 6752 6719 6713 6707 6699 6688 6686 6643 6635 6551 6523 6514 6510 6500 6466 6449 6448 6440 6434 6391 6387 6376 6350 6274 6257 6255 6239 6175 6173 6166 6155 6152 6143 6108 6057 5991 5921 5886 5868 5866 5816 5788 5764 5757 5733 5725 5723 5698 5676 5666 5655 5639 5636 5603 5516 5513 5488 5469 5455 5330 5307 5273 5269 5250 5241 5094 5061 5048 5010 4938 4927 4926 4905 4893 4802 4783 4777 4721 4708 4692 4669 4664 4645 4632 4626 4624 4615 4570 4563 4527 4503 4494 4486 4478 4448 4429 4398 4379 4376 4263 4211 4203 4186 4183 4146 4068 4037 4032 4026 3992 3983 3959 3921 3887 3882 3880 3852 3798 3776 3730 3726 3710 3661 3635 3633 3630 3531 3517 3509 3468 3463 3447 3435 3407 3392 3390 3356 3326 3269 3216 3201 3159 3080 3078 3044 3013 3007 2970 2959 2953 2929 2918 2884 2882 2879 2871 2838 2827 2819 2750 2720 2665 2616 2497 2456 2435 2378 2360 2315 2298 2290 2274 2264 2254 2217 2200 2189 2168 2165 2160 2157 2117 2070 2007 1998 1974 1962 1935 1927 1899 1895 1892 1887 1878 1853 1843 1835 1822 1819 1789 1764 1739 1736 1735 1697 1672 1614 1606 1591 1550 1499 1491 1476 1444 1423 1399 1398 1395 1342 1298 1287 1274 1135 1133 1126 1124 1045 1027 1019 936 902 887 870 866 862 814 784 775 769 758 698 661 648 624 614 514 509 485 445 435 422 421 310 285 253 236 223 191 141 119 27 22 
o: 16992 16984 16949 16915 16908 16901 16897 16876 16873 16868 16867 16841 16837 16836 16814 16806 16802 16785 16769 16741 16737 16732 16690 16653 16650 16630 16626 16623 16578 16545 16522 16488 16473 16470 16466 16354 16345 16343 16340 16332 16331 16328 16318 16307 16288 16286 16278 16276 16273 16270 16264 16260 16242 16222 16216 16214 16211 16189 16186 16184 16174 16157 16147 16142 16139 16137 16134 16130 16118 16116 16108 16104 16102 16086 16084 16073 16054 16046 16033 16022 16004 15989 15962 15954 15939 15937 15931 15928 15920 15901 15886 15884 15882 15846 15839 15838 15825 15823 15816 15805 15800 15795 15794 15791 15785 15784 15777 15760 15737 15707 15706 15690 15678 15676 15674 15667 15655 15649 15647 15639 15637 15617 15610 15595 15593 15588 15576 15572 15558 15548 15530 15476 15443 15442 15439 15420 15411 15409 15395 15391 15390 15379 15367 15337 15336 15332 15327 15322 15321 15318 15314 15304 15291 15289 15286 15281 15280 15275 15267 15264 15255 15248 15227 15220 15203 15200 15195 15182 15180 15177 15171 15160 15158 15151 15143 15101 15086 15072 15067 15066 15061 15051 15049 15036 15030 15009 14980 14979 14970 14964 14945 14937 14922 14915 14908 14893 14892 14870 14864 14851 14849 14846 14841 14832 14824 14817 14812 14786 14781 14756 14736 14718 14706 14693 14688 14631 14624 14622 14595 14580 14569 14544 14525 14524 14521 14498 14492 14487 14468 14467 14464 14450 14446 14437 14418 14398 14394 14383 14376 14375 14365 14346 14340 14335 14330 14320 14270 14248 14198 14195 14158 14157 14141 14140 14116 14098 14090 14075 14063 14038 14006 13998 13977 13945 13854 13852 13845 13791 13754 13750 13734 13727 13721 13662 13640 13636 13631 13622 13561 13547 13535 13485 13470 13449 13419 13330 13315 13311 13237 13223 13164 13065 13024 13010 13007 12989 12985 12965 12959 12946 12945 12937 12932 12918 12913 12911 12879 12864 12858 12851 12764 12734 12704 12681 12666 12526 12496 12478 12449 12443 12406 12394 12378 12376 12365 12352 12351 12335 12333 12328 12310 12304 12284 12274 12271 12260 12248 12218 12215 12207 12200 12199 12164 12162 12161 12156 12155 12111 12066 11998 11992 11979 11974 11959 11944 11932 11921 11920 11905 11878 11849 11811 11806 11801 11772 11744 11675 11657 11653 11643 11635 11629 11591 11588 11562 11551 11550 11538 11534 11531 11517 11500 11486 11478 11445 11379 11368 11364 11351 11348 11303 11273 11241 11224 11220 11216 11197 11196 11176 11150 11079 11061 11054 11048 11044 11042 11036 11006 11005 11003 10977 10962 10956 10928 10918 10912 10897 10879 10868 10867 10817 10747 10739 10734 10695 10691 10660 10642 10602 10573 10566 10556 10549 10530 10518 10517 10501 10497 10475 10473 10470 10460 10451 10450 10432 10406 10405 10386 10343 10331 10315 10289 10271 10245 10223 10215 10186 10165 10153 10152 10114 10113 10105 10073 10051 10011 9998 9970 9959 9949 9898 9874 9857 9802 9797 9738 9733 9721 9720 9717 9713 9709 9706 9704 9687 9674 9673 9670 9662 9661 9645 9635 9620 9605 9598 9565 9561 9557 9556 9509 9505 9490 9471 9465 9432 9405 9400 9374 9354 9328 9310 9307 9306 9298 9289 9267 9233 9219 9195 9142 9136 9134 9129 9119 9114 9109 9085 9060 9042 9041 9023 9008 8997 8978 8977 8946 8937 8911 8871 8858 8844 8797 8791 8778 8770 8765 8741 8737 8715 8683 8660 8639 8636 8631 8618 8591 8584 8583 8574 8564 8560 8550 8519 8513 8508 8494 8493 8483 8472 8471 8468 8399 8395 8394 8366 8337 8336 8331 8316 8301 8291 8263 8222 8212 8179 8173 8094 8087 8076 8026 8011 8010 7999 7991 7936 7918 7879 7856 7820 7816 7815 7812 7777 7730 7706 7672 7654 7649 7626 7619 7611 7608 7572 7558 7498 7482 7472 7467 7458 7396 7352 7335 7273 7264 7207 7165 7140 7094 7015 6989 6985 6953 6936 6908 6907 6903 6898 6887 6882 6863 6850 6835 6831 6790 6759 6758 6745 6742 6736 6730 6729 6721 6710 6689 6676 6595 6526 6516 6508 6498 6494 6474 6456 6452 6451 6432 6402 6367 6339 6302 6278 6243 6207 6206 6186 6136 6119 6097 6084 6034 6030 6029 6026 5996 5962 5938 5929 5857 5851 5837 5823 5820 5784 5729 5705 5654 5651 5577 5571 5570 5537 5524 5491 5481 5475 5468 5462 5444 5439 5411 5386 5349 5344 5286 5283 5238 5235 5164 5133 5086 5051 5049 5039 5035 4954 4946 4936 4933 4929 4882 4879 4853 4840 4790 4748 4703 4665 4662 4596 4593 4582 4578 4557 4524 4506 4482 4428 4415 4390 4373 4360 4336 4333 4327 4293 4275 4268 4265 4242 4223 4178 4158 4139 4108 4097 4064 4059 4051 4050 4011 4001 3961 3940 3938 3919 3899 3845 3829 3823 3815 3785 3767 3715 3644 3629 3611 3602 3579 3556 3548 3505 3496 3455 3421 3405 3379 3373 3359 3351 3347 3339 3323 3307 3305 3288 3262 3235 3226 3221 3219 3189 3177 3133 3129 3098 3066 3041 3030 3020 3016 2999 2941 2912 2894 2845 2841 2828 2801 2799 2787 2760 2759 2754 2753 2716 2700 2699 2642 2629 2544 2539 2488 2487 2480 2469 2449 2446 2401 2382 2348 2332 2329 2321 2282 2276 2259 2251 2242 2237 2211 2208 2196 2164 2135 2119 2109 2104 2068 2032 1991 1975 1958 1948 1885 1874 1869 1862 1852 1817 1782 1776 1671 1634 1577 1528 1504 1445 1438 1424 1420 1385 1372 1368 1356 1341 1322 1319 1318 1314 1310 1309 1218 1206 1194 1178 1159 1156 1154 1122 1118 1094 1084 1034 1011 1008 1001 984 978 923 908 896 838 816 789 748 733 681 674 646 635 621 596 557 551 493 488 477 463 460 455 413 404 401 394 375 371 366 361 354 339 333 327 326 316 303 290 288 260 227 226 218 216 210 209 171 140 139 93 75 53 52 43 37 18 4 
p: 16983 16975 16966 16956 16946 16943 16942 16920 16912 16904 16893 16890 16870 16861 16857 16849 16842 16823 16820 16817 16771 16745 16706 16662 16631 16617 16607 16602 16579 16521 16510 16498 16462 16454 16448 16440 16418 16408 16405 16401 16393 16379 16372 16361 16350 16310 16308 16292 16280 16243 16239 16238 16223 16220 16197 16188 16176 16122 16096 16091 16077 16035 16032 16016 16007 16003 15991 15978 15968 15930 15919 15892 15890 15850 15847 15841 15832 15829 15787 15753 15747 15741 15740 15724 15709 15697 15691 15670 15656 15613 15605 15601 15596 15582 15579 15561 15533 15526 15519 15502 15491 15487 15485 15479 15469 15466 15460 15457 15445 15421 15414 15405 15401 15397 15392 15377 15370 15365 15352 15346 15309 15292 15288 15269 15261 15254 15249 15229 15215 15208 15202 15193 15186 15176 15164 15142 15139 15133 15113 15100 15097 15092 15084 15077 15068 15062 15044 15037 15027 15008 15006 14995 14987 14972 14934 14926 14918 14910 14904 14899 14882 14852 14839 14788 14771 14742 14728 14719 14715 14702 14686 14681 14660 14647 14632 14623 14615 14610 14605 14600 14586 14573 14558 14535 14510 14503 14497 14472 14460 14457 14451 14423 14400 14397 14387 14368 14354 14331 14327 14325 14314 14311 14291 14288 14282 14274 14266 14239 14218 14213 14211 14206 14197 14184 14181 14152 14150 14139 14125 14118 14106 14077 14064 13980 13959 13953 13948 13939 13937 13913 13901 13884 13881 13876 13869 13865 13862 13857 13849 13848 13844 13835 13827 13819 13808 13802 13789 13784 13776 13765 13763 13759 13756 13724 13723 13691 13657 13652 13650 13635 13602 13595 13590 13556 13542 13540 13512 13506 13483 13482 13472 13465 13443 13437 13414 13401 13386 13360 13350 13334 13332 13319 13292 13291 13267 13264 13247 13245 13233 13215 13203 13191 13173 13165 13156 13129 13124 13107 13056 13052 13043 13036 13017 12988 12971 12957 12926 12921 12901 12863 12862 12832 12813 12802 12769 12746 12735 12727 12718 12702 12678 12669 12660 12658 12656 12646 12634 12573 12553 12548 12547 12536 12535 12516 12510 12489 12482 12480 12473 12461 12432 12392 12382 12374 12343 12339 12323 12315 12305 12279 12229 12211 12208 12204 12197 12189 12184 12168 12166 12134 12133 12129 12115 12112 12104 12100 12069 12068 12050 12043 12038 12030 12025 12004 12001 11999 11990 11976 11960 11894 11889 11885 11851 11846 11834 11830 11816 11797 11787 11765 11752 11733 11714 11710 11705 11699 11690 11685 11682 11673 11665 11662 11659 11642 11641 11639 11636 11595 11582 11552 11542 11540 11524 11520 11509 11487 11481 11457 11454 11443 11439 11430 11419 11408 11386 11352 11326 11319 11306 11276 11274 11256 11251 11249 11217 11187 11186 11172 11163 11162 11140 11127 11124 11115 11111 11109 11106 11065 11062 11035 11029 11026 11024 11021 11000 10995 10978 10963 10960 10929 10925 10913 10901 10891 10856 10852 10834 10822 10819 10814 10808 10782 10760 10758 10751 10725 10715 10682 10674 10658 10649 10638 10605 10600 10594 10546 10531 10514 10500 10492 10490 10477 10463 10421 10374 10368 10365 10356 10336 10333 10328 10325 10317 10293 10286 10273 10263 10254 10250 10240 10239 10237 10233 10217 10208 10116 10077 10068 10062 10048 10031 10027 10024 10023 10006 9995 9991 9990 9986 9966 9961 9953 9945 9921 9917 9913 9900 9879 9824 9815 9814 9809 9796 9775 9772 9766 9760 9756 9746 9711 9708 9693 9692 9690 9655 9650 9632 9613 9610 9596 9585 9582 9574 9571 9567 9531 9525 9514 9510 9483 9469 9466 9462 9433 9424 9423 9409 9385 9359 9355 9352 9340 9316 9308 9303 9283 9276 9261 9260 9257 9208 9196 9189 9177 9173 9166 9138 9127 9120 9106 9101 9097 9089 9078 9076 9059 9039 9015 9003 8979 8976 8962 8951 8922 8915 8909 8904 8894 8892 8887 8856 8839 8836 8831 8773 8771 8760 8746 8745 8744 8712 8701 8665 8646 8643 8641 8637 8616 8602 8598 8587 8572 8571 8562 8531 8523 8495 8484 8478 8476 8464 8453 8432 8427 8422 8385 8372 8339 8334 8329 8323 8320 8287 8280 8279 8258 8256 8255 8253 8251 8232 8230 8229 8210 8169 8156 8147 8144 8108 8085 8077 8074 8072 8070 8056 8053 8047 8046 8041 8033 8021 8004 8001 7989 7981 7972 7946 7931 7924 7921 7869 7851 7829 7828 7821 7794 7786 7778 7773 7763 7758 7747 7742 7737 7732 7728 7720 7714 7697 7696 7680 7658 7642 7632 7614 7569 7549 7534 7525 7438 7435 7425 7420 7390 7386 7376 7366 7341 7326 7321 7299 7271 7255 7249 7245 7238 7231 7226 7211 7196 7192 7189 7174 7172 7166 7157 7132 7117 7113 7109 7097 7064 7033 7027 7021 7005 7002 6998 6986 6967 6909 6904 6860 6854 6833 6822 6778 6775 6743 6731 6724 6717 6712 6708 6706 6695 6671 6614 6608 6587 6578 6566 6565 6547 6504 6493 6479 6476 6442 6431 6413 6382 6379 6366 6362 6360 6359 6338 6331 6307 6268 6256 6230 6192 6178 6177 6159 6128 6112 6109 6106 6094 6079 6049 6037 5992 5986 5951 5949 5923 5919 5918 5915 5884 5865 5843 5842 5826 5825 5817 5800 5754 5747 5738 5722 5717 5716 5703 5702 5701 5695 5684 5681 5652 5640 5631 5618 5612 5581 5558 5414 5402 5376 5369 5362 5359 5341 5332 5302 5284 5281 5277 5232 5212 5196 5195 5187 5157 5155 5132 5127 5041 5038 5034 5021 5017 4994 4979 4950 4945 4939 4847 4845 4842 4839 4800 4784 4781 4762 4735 4705 4700 4696 4685 4678 4675 4663 4653 4646 4597 4595 4591 4584 4581 4559 4551 4545 4522 4507 4500 4491 4485 4480 4454 4445 4436 4433 4431 4430 4412 4403 4388 4361 4338 4326 4311 4299 4297 4287 4284 4279 4277 4270 4258 4245 4209 4205 4194 4192 4188 4187 4154 4138 4132 4117 4090 4082 4078 4067 4053 4046 4042 4034 4016 4000 3991 3981 3943 3933 3910 3872 3860 3853 3837 3818 3817 3814 3808 3797 3793 3779 3756 3745 3739 3731 3721 3720 3719 3700 3680 3677 3667 3663 3657 3656 3654 3650 3648 3640 3622 3532 3497 3475 3474 3459 3426 3416 3399 3389 3368 3312 3252 3243 3232 3225 3218 3161 3154 3148 3138 3100 3097 3093 3075 3052 3040 3023 3009 2991 2985 2957 2945 2940 2928 2898 2890 2887 2851 2839 2791 2782 2737 2712 2710 2676 2675 2659 2655 2647 2630 2617 2610 2606 2531 2521 2512 2495 2489 2484 2483 2475 2436 2416 2398 2387 2385 2375 2371 2355 2344 2337 2331 2326 2323 2311 2308 2288 2267 2258 2214 2213 2209 2206 2182 2170 2163 2156 2153 2120 2116 2102 2093 2058 2056 2043 2038 2037 2035 2029 2020 2016 1996 1990 1970 1954 1912 1894 1873 1870 1868 1857 1856 1842 1839 1836 1814 1738 1723 1707 1705 1674 1666 1662 1649 1648 1636 1635 1597 1589 1587 1571 1562 1558 1541 1529 1527 1519 1489 1484 1472 1466 1461 1459 1455 1453 1439 1428 1404 1370 1361 1337 1320 1302 1300 1282 1257 1244 1242 1229 1228 1227 1193 1166 1157 1142 1117 1115 1098 1092 1091 1087 1063 1056 1030 1020 1015 1012 1007 996 986 973 969 967 962 959 946 940 925 892 880 852 842 833 788 759 752 747 691 678 676 667 637 636 634 618 600 597 595 586 581 577 560 546 537 535 522 516 497 479 469 465 444 406 403 392 388 376 336 302 276 272 254 234 220 207 186 102 95 83 77 72 45 1 
q: 13971 13954 13949 13943 13941 13893 13892 13888 13863 13798 13746 13740 13725 13708 13704 13696 13694 13688 13653 13644 13609 13578 13574 13562 13558 13554 13521 13516 13493 13478 13429 13409 13406 13337 13333 13328 13316 13296 13277 13263 13234 13217 13204 13174 13122 13117 13104 13095 13086 12999 12986 12968 12950 12893 12884 12877 12837 12836 12822 12781 12775 12748 12743 12720 12710 12708 12697 12685 12671 12651 12644 12633 12602 12590 12561 12543 12533 12518 12513 12471 12441 12438 12422 12416 12407 12400 12389 12380 12372 12345 12341 12298 12240 12232 12219 12182 12174 12160 12128 12103 12093 12089 12047 12033 12027 12018 11971 11951 11929 11909 11887 11857 11795 11785 11768 11766 11758 11700 11693 11684 11670 11660 11647 11616 11608 11597 11586 11539 11535 11516 11502 11488 11475 11468 11460 11455 11401 11388 11325 11316 11311 11304 11301 11297 11288 11272 11268 11246 11213 11212 11199 11190 11181 11174 11161 11147 11129 11116 11091 11081 11032 11012 10987 10965 10951 10938 10902 10885 10877 10873 10839 10815 10803 10750 10744 10736 10733 10722 10716 10681 10655 10634 10620 10613 10596 10571 10552 10547 10491 10458 10448 10414 10408 10392 10379 10378 10348 10311 10287 10276 10248 10242 10224 10206 10192 10173 10140 10139 10112 10101 10076 10072 10066 10058 10041 10037 9974 9972 9946 9929 9911 9899 9876 9848 9823 9819 9816 9804 9792 9780 9715 9695 9686 9680 9669 9665 9647 9586 9532 9515 9480 9445 9439 9430 9397 9386 9371 9363 9360 9350 9346 9341 9332 9324 9319 9309 9297 9264 9250 9243 9240 9227 9215 9190 9163 9160 9146 9125 9121 9084 9035 9033 9013 8999 8980 8934 8927 8920 8890 8810 8796 8790 8784 8747 8730 8706 8651 8604 8601 8586 8577 8568 8561 8554 8525 8522 8470 8444 8438 8429 8367 8355 8314 8305 8293 8282 8277 8268 8245 8240 8237 8234 8215 8194 8191 8159 8153 8145 8124 8113 8106 8100 8084 8064 8013 7997 7974 7955 7897 7886 7880 7836 7830 7800 7783 7774 7765 7746 7734 7723 7713 7704 7685 7684 7678 7671 7662 7637 7610 7583 7565 7545 7541 7536 7529 7518 7492 7489 7475 7468 7457 7450 7445 7444 7440 7364 7349 7328 7318 7315 7308 7302 7298 7288 7239 7216 7203 7187 7182 7170 7159 7144 7107 7095 7023 7011 7006 7003 6999 6977 6969 6938 6914 6886 6861 6851 6839 6827 6819 6809 6793 6786 6779 6771 6734 6718 6697 6674 6652 6647 6642 6637 6634 6612 6573 6557 6550 6530 6520 6517 6505 6488 6460 6444 6422 6416 6414 6410 6403 6394 6375 6371 6358 6327 6321 6310 6271 6249 6241 6236 6227 6191 6165 6161 6144 6139 6129 6103 6087 6065 6051 6035 6028 6021 6007 5981 5963 5954 5920 5875 5858 5806 5785 5777 5762 5760 5759 5746 5727 5675 5635 5629 5614 5608 5519 5502 5479 5460 5453 5440 5429 5419 5408 5357 5329 5325 5310 5309 5303 5295 5285 5276 5268 5255 5239 5236 5217 5213 5140 5104 5072 5054 5023 5013 5007 5003 4985 4967 4962 4955 4931 4930 4914 4907 4894 4886 4875 4782 4766 4741 4671 4660 4657 4630 4622 4607 4601 4547 4541 4533 4515 4483 4441 4426 4417 4409 4399 4386 4371 4362 4348 4334 4322 4306 4300 4296 4291 4283 4272 4251 4239 4229 4226 4206 4189 4177 4156 4151 4141 4130 4126 4123 4119 4115 4109 4058 4045 3970 3963 3932 3897 3886 3879 3870 3856 3842 3834 3800 3791 3772 3723 3717 3676 3664 3639 3632 3618 3578 3551 3527 3513 3506 3502 3500 3489 3470 3457 3449 3433 3423 3412 3398 3352 3327 3316 3286 3214 3171 3169 3162 3151 3120 3114 3110 3105 3099 3092 3082 3070 3064 3035 3027 3000 2992 2982 2965 2949 2939 2935 2934 2914 2913 2909 2870 2861 2860 2829 2810 2778 2768 2761 2755 2718 2663 2626 2601 2575 2568 2551 2412 2406 2392 2386 2377 2352 2350 2327 2306 2286 2230 2219 2198 2180 2140 2129 2098 2080 2062 2042 2004 1937 1925 1902 1891 1875 1872 1861 1840 1838 1834 1808 1792 1781 1746 1713 1702 1691 1668 1647 1637 1619 1612 1601 1595 1590 1585 1580 1554 1545 1521 1517 1490 1474 1416 1401 1375 1350 1328 1305 1284 1281 1240 1224 1217 1205 1201 1170 1134 1123 1081 1067 1053 1031 1026 951 926 869 840 804 792 782 755 749 742 715 701 697 686 671 644 629 611 591 587 568 530 526 519 506 495 473 454 418 381 363 352 292 281 279 259 235 221 214 181 125 
r: 16804 16766 16729 16717 16695 16681 16643 16483 16383 16371 16323 16196 16087 16085 16083 16068 16056 16048 16027 16024 16018 15995 15986 15980 15961 15959 15955 15940 15938 15936 15876 15826 15824 15808 15736 15638 15631 15619 15609 15571 15566 15549 15529 15490 15489 15483 15465 15454 15407 15386 15326 15196 15161 15060 15035 14965 14955 14880 14878 14859 14705 14700 14679 14517 14494 14445 14409 14393 14386 14315 14303 14294 14276 14273 14254 14237 14222 14188 14186 14145 14137 14108 13983 13966 13850 13820 13792 13778 13761 13737 13664 13608 13591 13544 13532 13527 13497 13451 13445 13403 13395 13377 13313 13301 13257 13248 13214 13205 13196 13188 13145 13130 13046 13016 12983 12933 12920 12826 12821 12785 12711 12611 12595 12566 12528 12479 12468 12354 12311 12263 12255 12110 12080 12014 11980 11966 11957 11952 11906 11892 11875 11868 11856 11725 11686 11644 11630 11621 11594 11564 11512 11464 11435 11422 11377 11227 11123 11080 11067 11040 10989 10980 10942 10890 10766 10611 10535 10512 10464 10435 10422 10351 10342 10275 10258 10235 10212 10184 10167 9931 9883 9880 9724 9541 9524 9491 9482 9467 9447 9441 9380 9348 9275 9238 9213 9193 9168 9152 9108 9090 9069 9057 8967 8923 8870 8798 8667 8650 8551 8431 8374 8358 8343 8246 8238 8205 8022 8018 7949 7775 7759 7712 7600 7526 7486 7483 7432 7353 7343 7154 7121 7067 6997 6994 6897 6892 6880 6848 6624 6599 6511 6277 6235 6220 6170 6164 6006 5940 5859 5839 5808 5753 5683 5664 5599 5538 5529 5465 5459 5409 5399 5202 5160 5103 5046 4912 4898 4854 4822 4780 4718 4565 4505 4499 4496 4443 4418 4313 4292 4210 4129 4019 3998 3993 3813 3805 3789 3595 3544 3520 3446 3387 3344 3320 3301 3258 3194 3183 3179 3157 3140 3079 2969 2927 2901 2886 2842 2713 2634 2633 2588 2585 2570 2538 2494 2481 2441 2431 2403 2383 2376 2270 2212 2191 2181 2149 2122 1929 1897 1884 1845 1821 1818 1768 1711 1680 1677 1574 1556 1365 1355 1316 1283 1102 1066 1057 1038 944 874 849 837 739 719 717 699 668 657 649 623 543 507 505 475 451 427 414 351 299 294 284 268 266 243 206 193 165 151 85 64 38 28 
s: 16990 16962 16957 16951 16947 16911 16903 16883 16863 16852 16816 16815 16813 16809 16798 16780 16779 16765 16758 16755 16746 16740 16735 16721 16693 16689 16668 16656 16618 16616 16613 16595 16576 16553 16539 16529 16517 16484 16479 16472 16443 16432 16431 16403 16359 16313 16301 16192 16180 16166 16159 16149 16125 16124 16088 16059 16045 15972 15932 15879 15769 15765 15719 15716 15683 15567 15551 15512 15510 15499 15497 15492 15350 15295 15212 15211 15081 15025 14887 14873 14863 14820 14811 14776 14765 14727 14713 14673 14665 14652 14609 14572 14507 14379 14305 14296 14267 14238 14189 14187 14179 14166 14161 14113 14086 14044 14042 14039 14037 13944 13942 13940 13922 13915 13826 13824 13801 13797 13780 13762 13735 13731 13714 13700 13685 13667 13663 13661 13639 13626 13611 13604 13600 13592 13555 13533 13502 13499 13486 13447 13435 13425 13417 13404 13347 13340 13329 13325 13310 13304 13279 13270 13269 13255 13254 13213 13200 13194 13193 13187 13185 13181 13179 13178 13162 13151 13149 13140 13118 13114 13101 13072 13063 13062 13053 13023 13008 12997 12993 12990 12963 12960 12952 12951 12936 12931 12914 12910 12873 12870 12861 12856 12854 12852 12846 12838 12810 12796 12778 12770 12766 12751 12707 12690 12683 12674 12670 12659 12627 12613 12565 12557 12527 12508 12503 12497 12490 12469 12463 12445 12431 12428 12404 12388 12385 12367 12353 12317 12306 12285 12275 12253 12250 12246 12233 12190 12188 12181 12151 12141 12140 12131 12116 12099 12088 12081 12056 12049 12032 12020 12010 12006 11978 11953 11942 11936 11916 11876 11845 11831 11823 11814 11813 11794 11792 11789 11774 11732 11724 11716 11695 11692 11688 11605 11596 11576 11573 11567 11533 11532 11530 11521 11514 11505 11493 11490 11483 11390 11385 11382 11381 11366 11350 11338 11336 11333 11332 11330 11310 11305 11279 11262 11247 11236 11207 11203 11194 11184 11180 11173 11169 11168 11148 11133 11118 11110 11105 11097 11053 11043 11039 11037 11023 11019 11014 10968 10958 10953 10894 10882 10841 10806 10797 10795 10791 10741 10740 10724 10685 10657 10648 10645 10614 10604 10598 10589 10582 10574 10554 10539 10495 10494 10489 10483 10457 10452 10446 10433 10428 10417 10397 10380 10377 10371 10358 10354 10313 10312 10291 10288 10253 10247 10231 10227 10225 10220 10177 10159 10154 10133 10119 10102 10099 10092 10083 10074 10038 10002 9977 9950 9937 9912 9896 9887 9878 9875 9862 9847 9845 9840 9829 9811 9798 9788 9785 9764 9755 9741 9740 9734 9722 9681 9659 9648 9634 9619 9581 9560 9535 9508 9479 9468 9460 9458 9438 9435 9398 9396 9393 9390 9379 9376 9344 9336 9255 9202 9198 9194 9183 9158 9156 9135 9126 9115 9113 9099 9086 9072 9037 9001 8988 8947 8944 8933 8912 8899 8884 8852 8842 8835 8820 8800 8742 8734 8721 8708 8703 8694 8679 8677 8675 8664 8655 8649 8644 8642 8635 8617 8612 8609 8594 8581 8580 8553 8534 8526 8498 8492 8480 8450 8442 8436 8433 8416 8414 8405 8345 8332 8330 8306 8304 8300 8297 8257 8211 8182 8170 8151 8148 8138 8136 8127 8117 8103 8099 8062 8008 7977 7962 7943 7939 7932 7923 7906 7883 7853 7841 7799 7764 7756 7736 7718 7707 7702 7699 7689 7630 7627 7592 7575 7571 7538 7530 7501 7494 7491 7446 7442 7434 7424 7402 7337 7324 7319 7305 7300 7296 7292 7285 7281 7269 7253 7251 7250 7248 7229 7224 7214 7206 7195 7184 7167 7161 7149 7139 7126 7096 7085 7032 7024 7019 7016 7012 7004 6992 6990 6984 6961 6928 6910 6906 6879 6870 6852 6849 6844 6829 6785 6776 6767 6746 6741 6723 6716 6704 6696 6693 6692 6685 6683 6679 6660 6653 6651 6641 6636 6619 6617 6576 6568 6540 6535 6515 6501 6497 6491 6482 6472 6467 6459 6430 6429 6424 6419 6406 6405 6392 6386 6377 6374 6351 6341 6330 6319 6289 6276 6273 6246 6223 6204 6196 6179 6172 6153 6123 6122 6118 6115 6113 6101 6098 6093 6090 6071 6020 6003 5959 5957 5939 5901 5885 5878 5870 5829 5810 5804 5802 5797 5792 5783 5776 5775 5771 5761 5752 5745 5691 5672 5642 5637 5630 5597 5585 5583 5578 5567 5555 5553 5552 5536 5528 5520 5515 5506 5498 5494 5490 5482 5466 5463 5456 5450 5446 5428 5366 5351 5343 5339 5337 5333 5298 5297 5289 5263 5254 5248 5246 5224 5222 5204 5194 5189 5185 5166 5163 5150 5148 5135 5117 5112 5096 5095 5093 5066 5062 5044 5040 5014 5008 5005 4995 4987 4986 4984 4976 4971 4968 4961 4952 4949 4921 4918 4900 4897 4895 4883 4873 4863 4849 4833 4816 4811 4808 4794 4793 4771 4751 4749 4747 4742 4739 4732 4730 4726 4702 4699 4691 4677 4670 4619 4618 4608 4606 4579 4576 4573 4568 4567 4566 4564 4562 4561 4537 4526 4495 4489 4488 4487 4484 4469 4464 4450 4421 4410 4404 4400 4394 4387 4384 4377 4370 4365 4359 4310 4262 4240 4234 4221 4220 4207 4193 4164 4148 4147 4136 4107 4106 4065 4062 4013 4010 3986 3974 3967 3962 3957 3944 3934 3926 3914 3905 3893 3884 3858 3836 3833 3820 3802 3780 3762 3759 3728 3701 3695 3684 3681 3674 3670 3669 3647 3645 3642 3637 3634 3605 3601 3597 3589 3577 3476 3448 3438 3424 3422 3415 3400 3358 3345 3340 3322 3317 3308 3291 3282 3281 3278 3259 3249 3246 3217 3206 3205 3197 3188 3143 3142 3134 3126 3123 3122 3096 3091 3081 3077 3067 3050 3046 3039 3034 3032 3021 3018 3017 2990 2972 2963 2923 2920 2907 2902 2895 2885 2883 2869 2862 2853 2846 2832 2826 2811 2804 2798 2794 2772 2770 2752 2751 2743 2729 2727 2707 2692 2685 2679 2677 2671 2668 2582 2581 2548 2505 2498 2485 2477 2437 2433 2396 2351 2341 2317 2314 2297 2277 2234 2226 2193 2190 2179 2158 2147 2130 2101 2100 2073 2069 2061 2036 2031 2011 2002 1981 1973 1966 1963 1959 1956 1942 1939 1930 1921 1915 1888 1867 1864 1850 1811 1801 1765 1759 1717 1716 1695 1690 1673 1652 1628 1602 1596 1579 1526 1515 1483 1475 1440 1430 1426 1403 1379 1374 1336 1327 1326 1323 1315 1288 1276 1271 1232 1222 1216 1199 1197 1195 1192 1190 1189 1186 1171 1161 1155 1153 1127 1111 1110 1103 1096 1082 1077 1069 1059 1055 1054 1051 1048 1028 1017 1010 998 985 979 968 966 963 960 952 937 927 918 914 909 895 888 876 867 863 827 771 764 756 751 750 743 729 726 723 706 694 684 680 672 619 616 608 604 588 552 550 533 531 521 518 490 484 483 424 419 410 397 393 391 380 365 356 321 305 270 265 262 215 213 200 199 90 74 
t: 16995 16991 16989 16981 16974 16973 16970 16960 16954 16931 16923 16879 16869 16866 16847 16819 16807 16801 16800 16786 16764 16739 16734 16716 16710 16701 16691 16679 16676 16672 16670 16666 16664 16659 16647 16636 16628 16621 16601 16600 16573 16565 16540 16519 16507 16506 16504 16497 16496 16490 16485 16481 16477 16471 16468 16453 16447 16437 16417 16413 16400 16392 16388 16378 16377 16370 16366 16364 16360 16341 16325 16315 16305 16290 16277 16272 16265 16257 16237 16230 16217 16210 16209 16207 16203 16195 16190 16182 16178 16171 16169 16164 16162 16161 16158 16155 16152 16141 16135 16114 16097 16093 16081 16076 16074 16058 16049 16047 16041 16037 16031 16028 16015 16010 16006 16002 15996 15987 15981 15977 15976 15963 15948 15929 15912 15906 15900 15899 15897 15896 15889 15872 15860 15855 15843 15840 15837 15831 15821 15803 15780 15774 15762 15758 15751 15746 15738 15732 15713 15711 15708 15705 15696 15686 15681 15680 15663 15650 15648 15640 15632 15625 15592 15577 15570 15559 15557 15556 15555 15550 15518 15517 15508 15501 15500 15488 15484 15459 15458 15456 15452 15447 15444 15441 15440 15436 15435 15431 15426 15418 15412 15402 15394 15362 15344 15328 15307 15306 15290 15285 15276 15263 15239 15236 15228 15226 15224 15223 15210 15204 15197 15178 15169 15167 15162 15152 15149 15144 15141 15132 15131 15127 15123 15120 15115 15102 15099 15079 15076 15073 15070 15064 15059 15052 15043 15039 15023 15020 15013 15010 15003 14994 14977 14971 14969 14968 14943 14939 14925 14917 14897 14896 14891 14885 14881 14871 14861 14855 14847 14833 14831 14830 14829 14822 14818 14800 14787 14783 14764 14761 14757 14755 14754 14747 14741 14737 14735 14734 14722 14714 14710 14701 14694 14680 14671 14663 14659 14650 14646 14642 14638 14629 14614 14604 14596 14594 14593 14581 14576 14570 14568 14566 14552 14551 14547 14545 14543 14542 14538 14518 14504 14500 14496 14488 14486 14485 14481 14470 14438 14436 14435 14431 14419 14417 14416 14412 14406 14399 14382 14373 14366 14364 14363 14359 14353 14342 14332 14326 14324 14322 14316 14309 14299 14298 14297 14277 14261 14253 14249 14233 14223 14217 14212 14210 14202 14199 14194 14192 14177 14167 14164 14155 14147 14138 14119 14115 14093 14084 14076 13997 13982 13938 13931 13895 13860 13847 13833 13832 13825 13799 13783 13770 13749 13730 13692 13683 13676 13638 13614 13605 13599 13585 13580 13573 13552 13539 13509 13440 13418 13399 13392 13318 13309 13266 13182 13147 13132 13115 13109 13106 13061 13057 13041 13035 12970 12955 12915 12899 12892 12890 12798 12759 12749 12733 12723 12686 12665 12643 12639 12635 12569 12545 12502 12495 12484 12481 12470 12466 12454 12450 12448 12444 12399 12346 12336 12281 12227 12221 12212 12165 12143 12135 12077 12065 12045 12044 12042 12041 12012 12011 11901 11859 11781 11767 11739 11721 11707 11585 11569 11565 11461 11438 11378 11354 11334 11327 11292 11242 11210 11200 11192 11177 11098 11073 11011 10949 10904 10903 10847 10825 10821 10804 10757 10756 10746 10718 10703 10676 10671 10667 10663 10659 10630 10597 10568 10444 10431 10399 10388 10385 10363 10350 10269 10266 10256 10255 10251 10229 10210 10195 10185 10148 10121 10108 10069 10059 10039 10035 10020 10004 9935 9932 9801 9799 9696 9628 9621 9593 9591 9538 9537 9534 9517 9493 9464 9455 9353 9351 9347 9327 9313 9305 9293 9259 9229 9192 9164 9150 9149 9102 9088 9073 9067 9062 9055 9053 9044 8958 8914 8896 8880 8878 8860 8823 8819 8816 8774 8758 8705 8702 8700 8699 8696 8693 8691 8687 8656 8624 8613 8608 8605 8599 8597 8596 8593 8582 8543 8529 8511 8505 8469 8435 8417 8407 8369 8362 8359 8357 8352 8346 8335 8325 8322 8315 8298 8296 8290 8288 8250 8241 8236 8220 8206 8203 8189 8186 8162 8160 8122 8075 8038 8032 8000 7990 7983 7969 7966 7961 7951 7945 7919 7917 7915 7910 7891 7885 7871 7870 7861 7846 7838 7837 7826 7796 7776 7767 7766 7753 7724 7717 7695 7694 7693 7679 7665 7647 7644 7633 7617 7606 7602 7593 7587 7579 7573 7568 7566 7564 7560 7551 7542 7535 7533 7531 7523 7516 7510 7507 7503 7500 7493 7469 7436 7431 7421 7418 7413 7405 7397 7393 7375 7373 7316 7303 7286 7284 7215 7205 7177 7175 7163 7153 7137 7083 7079 7076 7060 7055 7039 7013 6965 6924 6883 6857 6853 6811 6794 6780 6770 6739 6728 6714 6709 6638 6611 6591 6580 6556 6538 6536 6481 6473 6470 6445 6433 6428 6417 6412 6404 6396 6363 6353 6342 6320 6306 6299 6284 6269 6237 6219 6213 6203 6187 6171 6162 6140 6125 6107 6080 6068 6060 5932 5917 5914 5912 5892 5887 5855 5854 5813 5779 5744 5739 5728 5712 5707 5694 5686 5677 5673 5628 5604 5587 5560 5532 5505 5501 5437 5412 5410 5388 5383 5372 5367 5270 5262 5237 5207 5192 5178 5173 5151 5143 5142 5126 5101 5089 5073 5015 4969 4957 4947 4904 4868 4865 4829 4828 4797 4773 4756 4736 4734 4627 4585 4569 4542 4538 4449 4437 4414 4396 4367 4354 4337 4301 4294 4286 4281 4274 4238 4222 4150 4127 4069 4043 4015 3949 3902 3877 3867 3844 3828 3811 3781 3744 3740 3738 3705 3574 3554 3546 3534 3511 3494 3484 3472 3471 3451 3444 3408 3393 3380 3372 3355 3295 3279 3261 3239 3234 3173 3155 3102 3094 3049 2987 2943 2922 2916 2872 2868 2855 2837 2817 2812 2789 2780 2776 2745 2742 2719 2715 2681 2652 2650 2614 2561 2558 2519 2513 2486 2466 2422 2390 2362 2346 2328 2309 2275 2265 2241 2236 2232 2207 2203 2184 2173 2161 2145 2123 2118 2112 2108 2059 2044 2012 1988 1987 1933 1907 1849 1828 1827 1806 1799 1795 1777 1771 1749 1748 1743 1683 1627 1605 1572 1539 1510 1437 1419 1411 1378 1360 1249 1248 1225 1113 1074 1004 982 943 941 875 872 859 841 822 711 655 630 613 605 589 576 554 547 510 466 355 332 277 208 203 168 122 120 118 96 92 76 56 50 44 42 41 16 12 0 
u: 16925 16924 16810 16808 16783 16774 16714 16698 16692 16610 16564 16556 16512 16467 16185 15905 15854 15587 15569 15536 15455 15430 15425 15419 15373 15325 15308 15283 15246 15157 15106 15071 15024 14967 14944 14875 14872 14819 14672 14664 14651 14523 14443 14410 14395 14384 14339 14321 14260 14235 14228 14196 14178 14160 14134 13967 13927 13917 13912 13877 13873 13870 13866 13838 13834 13829 13785 13710 13659 13641 13589 13582 13568 13541 13528 13525 13523 13510 13473 13456 13450 13444 13388 13385 13361 13320 13312 13298 13293 13287 13261 13102 13100 13040 13037 13014 12947 12941 12919 12891 12880 12875 12835 12828 12817 12741 12695 12623 12615 12591 12582 12571 12511 12467 12462 12460 12414 12410 12348 12325 12265 12251 12245 12236 12216 12213 12210 12178 12170 12054 12052 12009 11965 11954 11949 11912 11883 11870 11860 11839 11824 11815 11810 11804 11796 11783 11762 11738 11727 11701 11691 11668 11649 11617 11583 11523 11491 11470 11447 11434 11429 11418 11347 11286 11282 11254 11250 11239 11188 11142 11138 11134 11122 11108 11069 10985 10982 10920 10907 10863 10826 10792 10773 10752 10742 10727 10723 10702 10673 10669 10607 10499 10453 10424 10415 10394 10367 10360 10292 10178 10175 10150 10145 10143 10110 10078 10064 9994 9988 9922 9903 9895 9889 9758 9753 9750 9745 9744 9657 9643 9543 9478 9477 9450 9437 9416 9408 9402 9367 9342 9314 9282 9253 9225 9175 9170 9082 9064 9054 9048 9028 8954 8932 8929 8908 8898 8893 8869 8840 8805 8751 8732 8718 8669 8657 8628 8611 8575 8506 8443 8382 8363 8307 8286 8271 8190 8180 8104 8079 8052 7964 7874 7762 7748 7735 7719 7701 7698 7691 7673 7562 7554 7527 7448 7443 7429 7407 7381 7345 7309 7276 7193 7185 7180 7133 7115 7111 7102 6929 6921 6891 6869 6834 6814 6777 6768 6725 6667 6632 6618 6610 6585 6570 6564 6546 6542 6484 6423 6408 6401 6384 6373 6368 6365 6316 6293 6266 6234 6193 6189 6181 6124 6104 6072 6053 5967 5916 5900 5881 5856 5841 5807 5758 5724 5721 5714 5668 5658 5609 5573 5535 5484 5473 5458 5451 5448 5416 5394 5385 5377 5364 5279 5271 5253 5229 5225 5170 5144 5125 5106 5097 5076 5047 5019 5016 4997 4983 4975 4916 4911 4856 4848 4826 4798 4778 4761 4727 4693 4654 4639 4549 4521 4490 4466 4463 4407 4366 4315 4298 4288 4276 4261 4247 4201 4181 4173 4168 4163 4152 4091 4077 4052 4030 4017 3966 3894 3838 3782 3765 3691 3678 3673 3671 3651 3628 3588 3583 3395 3362 3296 3280 3272 3266 3263 3257 3196 3185 3167 3156 3127 3117 3053 3025 3012 2996 2976 2958 2926 2900 2866 2783 2775 2741 2688 2673 2670 2667 2654 2645 2640 2635 2623 2619 2599 2573 2563 2520 2509 2472 2447 2417 2397 2373 2368 2343 2318 2310 2262 2245 2215 2192 2185 2159 2155 2152 2150 2127 2095 2051 2040 1994 1976 1968 1923 1908 1797 1758 1731 1726 1720 1715 1684 1656 1645 1633 1617 1610 1603 1578 1576 1566 1557 1547 1543 1537 1533 1531 1525 1486 1480 1458 1452 1392 1369 1347 1335 1321 1279 1266 1262 1255 1231 1214 1213 1132 1107 1104 1101 1021 1016 995 975 949 942 933 912 905 891 881 879 871 824 774 731 721 656 609 563 524 502 492 480 441 436 384 377 362 357 309 275 192 188 177 40 17 
v: 16902 16850 16747 16535 16362 16356 16346 16327 16234 16194 16154 15799 15726 15363 15334 15287 15278 14935 14256 14099 14032 14030 13965 13951 13950 13924 13868 13839 13713 13701 13647 13623 13551 13529 13505 13479 13422 13415 13398 13368 13364 13308 13274 13218 13201 13150 13098 13094 13091 13050 13034 13032 13003 12992 12924 12903 12885 12878 12842 12827 12823 12808 12803 12801 12758 12739 12693 12684 12599 12586 12559 12546 12514 12506 12485 12433 12338 12324 12301 12283 12267 12249 12243 12176 12127 12125 12107 12083 12076 12063 12016 11984 11931 11881 11828 11821 11808 11807 11800 11782 11779 11773 11741 11713 11683 11658 11634 11554 11503 11411 11410 11394 11339 11258 11198 11087 11074 11056 10998 10986 10969 10967 10923 10908 10875 10835 10777 10711 10675 10650 10639 10608 10559 10528 10476 10474 10467 10455 10324 10296 10257 10166 10123 10104 10065 10042 10029 10022 10018 9982 9947 9858 9781 9759 9748 9747 9688 9679 9646 9640 9630 9625 9580 9548 9513 9443 9414 9399 9262 9223 9145 9141 9123 9107 9011 8957 8918 8885 8879 8830 8824 8802 8795 8768 8736 8731 8695 8633 8622 8590 8569 8530 8504 8479 8463 8451 8449 8448 8387 8360 8308 8266 8242 8201 8197 8183 8163 8141 8140 8126 8118 8102 8069 8051 8030 7988 7984 7875 7872 7844 7839 7769 7708 7688 7634 7561 7441 7346 7338 7225 7181 7124 7041 7036 7009 6944 6937 6925 6796 6795 6792 6702 6657 6569 6502 6492 6478 6471 6418 6398 6253 6228 6197 6163 6160 6096 6050 6027 6001 5977 5960 5928 5848 5814 5644 5622 5606 5589 5531 5511 5425 5401 5391 5378 5370 5323 5265 5256 5243 5174 5149 5121 5087 5059 5031 5006 4977 4951 4925 4909 4864 4850 4796 4789 4787 4776 4743 4682 4655 4640 4625 4611 4602 4556 4517 4481 4476 4461 4423 4408 4319 4235 4214 4160 4120 4099 4066 4057 4047 4005 3985 3971 3922 3889 3832 3819 3796 3786 3758 3735 3692 3689 3685 3659 3621 3535 3522 3499 3396 3394 3328 3255 3199 3186 3083 3074 2961 2840 2836 2766 2728 2703 2689 2594 2553 2540 2527 2479 2476 2434 2381 2374 2367 2366 2336 2325 2307 2304 2295 2263 2248 2229 2194 2143 2139 2131 2115 2113 2096 2085 2055 2046 2034 1995 1977 1932 1918 1906 1865 1859 1807 1798 1784 1766 1761 1751 1732 1727 1682 1646 1644 1631 1618 1613 1611 1561 1503 1481 1477 1470 1429 1364 1348 1334 1307 1301 1253 1204 1179 1089 1041 988 921 868 855 832 791 728 720 682 632 584 478 438 409 398 286 241 183 126 123 
w: 16961 16959 16952 16950 16940 16932 16916 16896 16884 16878 16865 16860 16851 16838 16822 16794 16784 16781 16767 16760 16759 16750 16749 16748 16730 16726 16725 16718 16715 16678 16669 16648 16635 16615 16614 16581 16575 16552 16442 16398 16382 16363 16353 16326 16320 16314 16294 16282 16267 16246 16236 16229 16226 16133 16115 16103 16100 16094 16071 16070 16050 16029 16012 16009 16000 15998 15988 15982 15974 15951 15950 15908 15883 15853 15814 15761 15756 15743 15693 15677 15673 15662 15658 15645 15641 15634 15627 15616 15604 15598 15578 15545 15541 15537 15477 15470 15423 15400 15376 15372 15329 15294 15271 15253 15240 15217 15207 15206 15199 15185 15183 15179 15170 15153 15140 15138 15128 15111 15098 15095 15074 15058 15053 15048 15042 15041 15026 15014 15007 14990 14982 14976 14956 14952 14924 14923 14916 14914 14912 14905 14888 14866 14854 14848 14844 14801 14799 14795 14789 14780 14778 14774 14767 14762 14753 14748 14746 14733 14730 14724 14712 14708 14695 14691 14674 14656 14640 14635 14608 14589 14585 14565 14563 14561 14556 14536 14533 14530 14529 14501 14475 14454 14403 14390 14378 14372 14361 14352 14351 14347 14343 14337 14323 14290 14272 14252 14209 14183 14180 14165 14148 14143 14136 14124 14101 101 55 49 29 25 
x: 12309 
y: 16888 16516 16425 16299 16268 16201 16098 16064 16043 16038 16026 16008 15999 15993 15985 15979 15967 15957 15943 15925 15913 15894 15873 15870 15861 15810 15688 15661 15643 15633 15600 15564 15539 15525 15486 15478 15433 15428 15415 15404 15382 15374 15297 15260 15233 15105 15054 15033 14957 14876 14825 14815 14796 14790 14775 14749 14711 14682 14667 14591 14582 14553 14502 14490 14477 14459 14456 14440 14427 14407 14404 14357 14318 14258 14241 14236 14230 14170 30 
z: 11136 3128 2620 
|: 14060 14058 14056 14054 14053 14051 14049 14047 14046 14041 14036 14034 14033 14031 14029 14027 14026 14023 14020 14018 14017 14015 14013 14011 14009 14007 14005 14004 
